1 1 (0) 1 : 0.000010 0.999990
2 2 (0) 1 : 0.232304 0.767696
3 3 (0) 1 : 0.161720 0.838280
4 4 (0) 1 : 0.089502 0.910498
5 5 (0) 1 : 0.197605 0.802395
6 6 (0) 1 : 0.236284 0.763716
7 7 (0) 1 : 0.164958 0.835042
8 8 (0) 1 : 0.194907 0.805093
9 9 (0) 1 : 0.000010 0.999990
10 10 (0) 2 : 0.000010 0.999990
11 11 (0) 1 : 0.262455 0.737545
12 12 (0) 1 : 0.258588 0.741412
13 13 (0) 2 : 0.092196 0.907804
14 14 (0) 1 : 0.000010 0.999990
15 15 (0) 1 : 0.133029 0.866971
16 16 (0) 1 : 0.464293 0.535707
17 17 (0) 1 : 0.044898 0.955102
18 18 (0) 1 : 0.000010 0.999990
19 19 (0) 2 : 0.999990 0.000010
20 20 (0) 2 : 0.999990 0.000010
21 21 (0) 2 : 0.999990 0.000010
22 22 (0) 2 : 0.475065 0.524935
23 23 (0) 2 : 0.109418 0.890582
24 24 (0) 2 : 0.999990 0.000010
25 25 (0) 2 : 0.999990 0.000010
26 26 (0) 2 : 0.999990 0.000010
27 27 (0) 2 : 0.999990 0.000010
28 28 (0) 2 : 0.999990 0.000010
29 29 (0) 2 : 0.996135 0.003865
30 30 (0) 2 : 0.881178 0.118822
31 31 (0) 2 : 0.928218 0.071782
32 32 (0) 2 : 0.956211 0.043789
33 33 (0) 2 : 0.999990 0.000010
34 34 (0) 2 : 0.999990 0.000010
35 35 (0) 2 : 0.999990 0.000010
36 36 (0) 2 : 0.999990 0.000010
37 37 (0) 2 : 0.000010 0.999990
38 38 (0) 1 : 0.008815 0.991185
39 39 (0) 1 : 0.000010 0.999990
40 40 (0) 1 : 0.000010 0.999990
41 41 (0) 1 : 0.091180 0.908820
42 42 (0) 1 : 0.125796 0.874204
43 43 (0) 1 : 0.019802 0.980198
44 44 (0) 1 : 0.043240 0.956760
1 1 (0) 1 : 0.999990 0.000010
2 2 (0) 1 : 0.767696 0.232304
3 3 (0) 1 : 0.838279 0.161721
4 4 (0) 1 : 0.910497 0.089503
5 5 (0) 1 : 0.802394 0.197606
6 6 (0) 1 : 0.763715 0.236285
7 7 (0) 1 : 0.835042 0.164958
8 8 (0) 1 : 0.805092 0.194908
9 9 (0) 1 : 0.999990 0.000010
10 10 (0) 2 : 0.999990 0.000010
11 11 (0) 1 : 0.737544 0.262456
12 12 (0) 1 : 0.741411 0.258589
13 13 (0) 2 : 0.907804 0.092196
14 14 (0) 1 : 0.999990 0.000010
15 15 (0) 1 : 0.866970 0.133030
16 16 (0) 1 : 0.535707 0.464293
17 17 (0) 1 : 0.955101 0.044899
18 18 (0) 1 : 0.999990 0.000010
19 19 (0) 2 : 0.000010 0.999990
20 20 (0) 2 : 0.000010 0.999990
21 21 (0) 2 : 0.000010 0.999990
22 22 (0) 2 : 0.524934 0.475066
23 23 (0) 2 : 0.890581 0.109419
24 24 (0) 2 : 0.000010 0.999990
25 25 (0) 2 : 0.000010 0.999990
26 26 (0) 2 : 0.000010 0.999990
27 27 (0) 2 : 0.000010 0.999990
28 28 (0) 2 : 0.000010 0.999990
29 29 (0) 2 : 0.003856 0.996144
30 30 (0) 2 : 0.118822 0.881178
31 31 (0) 2 : 0.071782 0.928218
32 32 (0) 2 : 0.043792 0.956208
33 33 (0) 2 : 0.000010 0.999990
34 34 (0) 2 : 0.000010 0.999990
35 35 (0) 2 : 0.000010 0.999990
36 36 (0) 2 : 0.000010 0.999990
37 37 (0) 2 : 0.999990 0.000010
38 38 (0) 1 : 0.991183 0.008817
39 39 (0) 1 : 0.999990 0.000010
40 40 (0) 1 : 0.999990 0.000010
41 41 (0) 1 : 0.908819 0.091181
42 42 (0) 1 : 0.874202 0.125798
43 43 (0) 1 : 0.980196 0.019804
44 44 (0) 1 : 0.956758 0.043242
1 1 (0) 1 : 0.999990 0.000010
2 2 (0) 1 : 0.767699 0.232301
3 3 (0) 1 : 0.838283 0.161717
4 4 (0) 1 : 0.910500 0.089500
5 5 (0) 1 : 0.802397 0.197603
6 6 (0) 1 : 0.763718 0.236282
7 7 (0) 1 : 0.835045 0.164955
8 8 (0) 1 : 0.805095 0.194905
9 9 (0) 1 : 0.999990 0.000010
10 10 (0) 2 : 0.999990 0.000010
11 11 (0) 1 : 0.737547 0.262453
12 12 (0) 1 : 0.741414 0.258586
13 13 (0) 2 : 0.907807 0.092193
14 14 (0) 1 : 0.999990 0.000010
15 15 (0) 1 : 0.866974 0.133026
16 16 (0) 1 : 0.535708 0.464292
17 17 (0) 1 : 0.955104 0.044896
18 18 (0) 1 : 0.999990 0.000010
19 19 (0) 2 : 0.000010 0.999990
20 20 (0) 2 : 0.000010 0.999990
21 21 (0) 2 : 0.000010 0.999990
22 22 (0) 2 : 0.524936 0.475064
23 23 (0) 2 : 0.890584 0.109416
24 24 (0) 2 : 0.000010 0.999990
25 25 (0) 2 : 0.000010 0.999990
26 26 (0) 2 : 0.000010 0.999990
27 27 (0) 2 : 0.000010 0.999990
28 28 (0) 2 : 0.000010 0.999990
29 29 (0) 2 : 0.003865 0.996135
30 30 (0) 2 : 0.118822 0.881178
31 31 (0) 2 : 0.071782 0.928218
32 32 (0) 2 : 0.043788 0.956212
33 33 (0) 2 : 0.000010 0.999990
34 34 (0) 2 : 0.000010 0.999990
35 35 (0) 2 : 0.000010 0.999990
36 36 (0) 2 : 0.000010 0.999990
37 37 (0) 2 : 0.999990 0.000010
38 38 (0) 1 : 0.991189 0.008811
39 39 (0) 1 : 0.999990 0.000010
40 40 (0) 1 : 0.999990 0.000010
41 41 (0) 1 : 0.908823 0.091177
42 42 (0) 1 : 0.874207 0.125793
43 43 (0) 1 : 0.980201 0.019799
44 44 (0) 1 : 0.956763 0.043237
1 1 (0) 1 : 0.000010 0.999990
2 2 (0) 1 : 0.232303 0.767697
3 3 (0) 1 : 0.161719 0.838281
4 4 (0) 1 : 0.089502 0.910498
5 5 (0) 1 : 0.197605 0.802395
6 6 (0) 1 : 0.236283 0.763717
7 7 (0) 1 : 0.164957 0.835043
8 8 (0) 1 : 0.194906 0.805094
9 9 (0) 1 : 0.000010 0.999990
10 10 (0) 2 : 0.000010 0.999990
11 11 (0) 1 : 0.262455 0.737545
12 12 (0) 1 : 0.258588 0.741412
13 13 (0) 2 : 0.092195 0.907805
14 14 (0) 1 : 0.000010 0.999990
15 15 (0) 1 : 0.133028 0.866972
16 16 (0) 1 : 0.464293 0.535707
17 17 (0) 1 : 0.044898 0.955102
18 18 (0) 1 : 0.000010 0.999990
19 19 (0) 2 : 0.999990 0.000010
20 20 (0) 2 : 0.999990 0.000010
21 21 (0) 2 : 0.999990 0.000010
22 22 (0) 2 : 0.475065 0.524935
23 23 (0) 2 : 0.109418 0.890582
24 24 (0) 2 : 0.999990 0.000010
25 25 (0) 2 : 0.999990 0.000010
26 26 (0) 2 : 0.999990 0.000010
27 27 (0) 2 : 0.999990 0.000010
28 28 (0) 2 : 0.999990 0.000010
29 29 (0) 2 : 0.996134 0.003866
30 30 (0) 2 : 0.881178 0.118822
31 31 (0) 2 : 0.928218 0.071782
32 32 (0) 2 : 0.956210 0.043790
33 33 (0) 2 : 0.999990 0.000010
34 34 (0) 2 : 0.999990 0.000010
35 35 (0) 2 : 0.999990 0.000010
36 36 (0) 2 : 0.999990 0.000010
37 37 (0) 2 : 0.000010 0.999990
38 38 (0) 1 : 0.008814 0.991186
39 39 (0) 1 : 0.000010 0.999990
40 40 (0) 1 : 0.000010 0.999990
41 41 (0) 1 : 0.091179 0.908821
42 42 (0) 1 : 0.125796 0.874204
43 43 (0) 1 : 0.019801 0.980199
44 44 (0) 1 : 0.043240 0.956760
1 1 (0) 1 : 0.000010 0.999990
2 2 (0) 1 : 0.232303 0.767697
3 3 (0) 1 : 0.161719 0.838281
4 4 (0) 1 : 0.089502 0.910498
5 5 (0) 1 : 0.197605 0.802395
6 6 (0) 1 : 0.236284 0.763716
7 7 (0) 1 : 0.164957 0.835043
8 8 (0) 1 : 0.194906 0.805094
9 9 (0) 1 : 0.000010 0.999990
10 10 (0) 2 : 0.000010 0.999990
11 11 (0) 1 : 0.262455 0.737545
12 12 (0) 1 : 0.258588 0.741412
13 13 (0) 2 : 0.092195 0.907805
14 14 (0) 1 : 0.000010 0.999990
15 15 (0) 1 : 0.133028 0.866972
16 16 (0) 1 : 0.464293 0.535707
17 17 (0) 1 : 0.044898 0.955102
18 18 (0) 1 : 0.000010 0.999990
19 19 (0) 2 : 0.999990 0.000010
20 20 (0) 2 : 0.999990 0.000010
21 21 (0) 2 : 0.999990 0.000010
22 22 (0) 2 : 0.475065 0.524935
23 23 (0) 2 : 0.109418 0.890582
24 24 (0) 2 : 0.999990 0.000010
25 25 (0) 2 : 0.999990 0.000010
26 26 (0) 2 : 0.999990 0.000010
27 27 (0) 2 : 0.999990 0.000010
28 28 (0) 2 : 0.999990 0.000010
29 29 (0) 2 : 0.996135 0.003865
30 30 (0) 2 : 0.881178 0.118822
31 31 (0) 2 : 0.928218 0.071782
32 32 (0) 2 : 0.956210 0.043790
33 33 (0) 2 : 0.999990 0.000010
34 34 (0) 2 : 0.999990 0.000010
35 35 (0) 2 : 0.999990 0.000010
36 36 (0) 2 : 0.999990 0.000010
37 37 (0) 2 : 0.000010 0.999990
38 38 (0) 1 : 0.008814 0.991186
39 39 (0) 1 : 0.000010 0.999990
40 40 (0) 1 : 0.000010 0.999990
41 41 (0) 1 : 0.091179 0.908821
42 42 (0) 1 : 0.125796 0.874204
43 43 (0) 1 : 0.019802 0.980198
44 44 (0) 1 : 0.043240 0.956760
1 1 (0) 1 : 0.999990 0.000010
2 2 (0) 1 : 0.767697 0.232303
3 3 (0) 1 : 0.838281 0.161719
4 4 (0) 1 : 0.910499 0.089501
5 5 (0) 1 : 0.802395 0.197605
6 6 (0) 1 : 0.763717 0.236283
7 7 (0) 1 : 0.835043 0.164957
8 8 (0) 1 : 0.805094 0.194906
9 9 (0) 1 : 0.999990 0.000010
10 10 (0) 2 : 0.999990 0.000010
11 11 (0) 1 : 0.737546 0.262454
12 12 (0) 1 : 0.741412 0.258588
13 13 (0) 2 : 0.907805 0.092195
14 14 (0) 1 : 0.999990 0.000010
15 15 (0) 1 : 0.866972 0.133028
16 16 (0) 1 : 0.535707 0.464293
17 17 (0) 1 : 0.955103 0.044897
18 18 (0) 1 : 0.999990 0.000010
19 19 (0) 2 : 0.000010 0.999990
20 20 (0) 2 : 0.000010 0.999990
21 21 (0) 2 : 0.000010 0.999990
22 22 (0) 2 : 0.524935 0.475065
23 23 (0) 2 : 0.890582 0.109418
24 24 (0) 2 : 0.000010 0.999990
25 25 (0) 2 : 0.000010 0.999990
26 26 (0) 2 : 0.000010 0.999990
27 27 (0) 2 : 0.000010 0.999990
28 28 (0) 2 : 0.000010 0.999990
29 29 (0) 2 : 0.003864 0.996136
30 30 (0) 2 : 0.118822 0.881178
31 31 (0) 2 : 0.071782 0.928218
32 32 (0) 2 : 0.043789 0.956211
33 33 (0) 2 : 0.000010 0.999990
34 34 (0) 2 : 0.000010 0.999990
35 35 (0) 2 : 0.000010 0.999990
36 36 (0) 2 : 0.000010 0.999990
37 37 (0) 2 : 0.999990 0.000010
38 38 (0) 1 : 0.991186 0.008814
39 39 (0) 1 : 0.999990 0.000010
40 40 (0) 1 : 0.999990 0.000010
41 41 (0) 1 : 0.908821 0.091179
42 42 (0) 1 : 0.874205 0.125795
43 43 (0) 1 : 0.980199 0.019801
44 44 (0) 1 : 0.956761 0.043239
1 1 (0) 1 : 0.000010 0.999990
2 2 (0) 1 : 0.232303 0.767697
3 3 (0) 1 : 0.161719 0.838281
4 4 (0) 1 : 0.089502 0.910498
5 5 (0) 1 : 0.197605 0.802395
6 6 (0) 1 : 0.236283 0.763717
7 7 (0) 1 : 0.164957 0.835043
8 8 (0) 1 : 0.194906 0.805094
9 9 (0) 1 : 0.000010 0.999990
10 10 (0) 2 : 0.000010 0.999990
11 11 (0) 1 : 0.262454 0.737546
12 12 (0) 1 : 0.258588 0.741412
13 13 (0) 2 : 0.092195 0.907805
14 14 (0) 1 : 0.000010 0.999990
15 15 (0) 1 : 0.133028 0.866972
16 16 (0) 1 : 0.464292 0.535708
17 17 (0) 1 : 0.044898 0.955102
18 18 (0) 1 : 0.000010 0.999990
19 19 (0) 2 : 0.999990 0.000010
20 20 (0) 2 : 0.999990 0.000010
21 21 (0) 2 : 0.999990 0.000010
22 22 (0) 2 : 0.475065 0.524935
23 23 (0) 2 : 0.109417 0.890583
24 24 (0) 2 : 0.999990 0.000010
25 25 (0) 2 : 0.999990 0.000010
26 26 (0) 2 : 0.999990 0.000010
27 27 (0) 2 : 0.999990 0.000010
28 28 (0) 2 : 0.999990 0.000010
29 29 (0) 2 : 0.996132 0.003868
30 30 (0) 2 : 0.881178 0.118822
31 31 (0) 2 : 0.928218 0.071782
32 32 (0) 2 : 0.956210 0.043790
33 33 (0) 2 : 0.999990 0.000010
34 34 (0) 2 : 0.999990 0.000010
35 35 (0) 2 : 0.999990 0.000010
36 36 (0) 2 : 0.999990 0.000010
37 37 (0) 2 : 0.000010 0.999990
38 38 (0) 1 : 0.008814 0.991186
39 39 (0) 1 : 0.000010 0.999990
40 40 (0) 1 : 0.000010 0.999990
41 41 (0) 1 : 0.091179 0.908821
42 42 (0) 1 : 0.125795 0.874205
43 43 (0) 1 : 0.019801 0.980199
44 44 (0) 1 : 0.043239 0.956761
1 1 (0) 1 : 0.999990 0.000010
2 2 (0) 1 : 0.767698 0.232302
3 3 (0) 1 : 0.838282 0.161718
4 4 (0) 1 : 0.910499 0.089501
5 5 (0) 1 : 0.802396 0.197604
6 6 (0) 1 : 0.763717 0.236283
7 7 (0) 1 : 0.835044 0.164956
8 8 (0) 1 : 0.805094 0.194906
9 9 (0) 1 : 0.999990 0.000010
10 10 (0) 2 : 0.999990 0.000010
11 11 (0) 1 : 0.737546 0.262454
12 12 (0) 1 : 0.741413 0.258587
13 13 (0) 2 : 0.907806 0.092194
14 14 (0) 1 : 0.999990 0.000010
15 15 (0) 1 : 0.866972 0.133028
16 16 (0) 1 : 0.535708 0.464292
17 17 (0) 1 : 0.955103 0.044897
18 18 (0) 1 : 0.999990 0.000010
19 19 (0) 2 : 0.000010 0.999990
20 20 (0) 2 : 0.000010 0.999990
21 21 (0) 2 : 0.000010 0.999990
22 22 (0) 2 : 0.524935 0.475065
23 23 (0) 2 : 0.890583 0.109417
24 24 (0) 2 : 0.000010 0.999990
25 25 (0) 2 : 0.000010 0.999990
26 26 (0) 2 : 0.000010 0.999990
27 27 (0) 2 : 0.000010 0.999990
28 28 (0) 2 : 0.000010 0.999990
29 29 (0) 2 : 0.003869 0.996131
30 30 (0) 2 : 0.118823 0.881177
31 31 (0) 2 : 0.071783 0.928217
32 32 (0) 2 : 0.043791 0.956209
33 33 (0) 2 : 0.000010 0.999990
34 34 (0) 2 : 0.000010 0.999990
35 35 (0) 2 : 0.000010 0.999990
36 36 (0) 2 : 0.000010 0.999990
37 37 (0) 2 : 0.999990 0.000010
38 38 (0) 1 : 0.991187 0.008813
39 39 (0) 1 : 0.999990 0.000010
40 40 (0) 1 : 0.999990 0.000010
41 41 (0) 1 : 0.908821 0.091179
42 42 (0) 1 : 0.874205 0.125795
43 43 (0) 1 : 0.980199 0.019801
44 44 (0) 1 : 0.956761 0.043239
1 1 (0) 1 : 0.000010 0.999990
2 2 (0) 1 : 0.232303 0.767697
3 3 (0) 1 : 0.161719 0.838281
4 4 (0) 1 : 0.089502 0.910498
5 5 (0) 1 : 0.197605 0.802395
6 6 (0) 1 : 0.236284 0.763716
7 7 (0) 1 : 0.164957 0.835043
8 8 (0) 1 : 0.194907 0.805093
9 9 (0) 1 : 0.000010 0.999990
10 10 (0) 2 : 0.000010 0.999990
11 11 (0) 1 : 0.262455 0.737545
12 12 (0) 1 : 0.258588 0.741412
13 13 (0) 2 : 0.092195 0.907805
14 14 (0) 1 : 0.000010 0.999990
15 15 (0) 1 : 0.133029 0.866971
16 16 (0) 1 : 0.464292 0.535708
17 17 (0) 1 : 0.044898 0.955102
18 18 (0) 1 : 0.000010 0.999990
19 19 (0) 2 : 0.999990 0.000010
20 20 (0) 2 : 0.999990 0.000010
21 21 (0) 2 : 0.999990 0.000010
22 22 (0) 2 : 0.475065 0.524935
23 23 (0) 2 : 0.109418 0.890582
24 24 (0) 2 : 0.999990 0.000010
25 25 (0) 2 : 0.999990 0.000010
26 26 (0) 2 : 0.999990 0.000010
27 27 (0) 2 : 0.999990 0.000010
28 28 (0) 2 : 0.999990 0.000010
29 29 (0) 2 : 0.996132 0.003868
30 30 (0) 2 : 0.881178 0.118822
31 31 (0) 2 : 0.928218 0.071782
32 32 (0) 2 : 0.956210 0.043790
33 33 (0) 2 : 0.999990 0.000010
34 34 (0) 2 : 0.999990 0.000010
35 35 (0) 2 : 0.999990 0.000010
36 36 (0) 2 : 0.999990 0.000010
37 37 (0) 2 : 0.000010 0.999990
38 38 (0) 1 : 0.008815 0.991185
39 39 (0) 1 : 0.000010 0.999990
40 40 (0) 1 : 0.000010 0.999990
41 41 (0) 1 : 0.091180 0.908820
42 42 (0) 1 : 0.125796 0.874204
43 43 (0) 1 : 0.019802 0.980198
44 44 (0) 1 : 0.043240 0.956760
1 1 (0) 1 : 0.000010 0.999990
2 2 (0) 1 : 0.232303 0.767697
3 3 (0) 1 : 0.161719 0.838281
4 4 (0) 1 : 0.089501 0.910499
5 5 (0) 1 : 0.197605 0.802395
6 6 (0) 1 : 0.236283 0.763717
7 7 (0) 1 : 0.164957 0.835043
8 8 (0) 1 : 0.194906 0.805094
9 9 (0) 1 : 0.000010 0.999990
10 10 (0) 2 : 0.000010 0.999990
11 11 (0) 1 : 0.262455 0.737545
12 12 (0) 1 : 0.258588 0.741412
13 13 (0) 2 : 0.092195 0.907805
14 14 (0) 1 : 0.000010 0.999990
15 15 (0) 1 : 0.133028 0.866972
16 16 (0) 1 : 0.464293 0.535707
17 17 (0) 1 : 0.044897 0.955103
18 18 (0) 1 : 0.000010 0.999990
19 19 (0) 2 : 0.999990 0.000010
20 20 (0) 2 : 0.999990 0.000010
21 21 (0) 2 : 0.999990 0.000010
22 22 (0) 2 : 0.475065 0.524935
23 23 (0) 2 : 0.109418 0.890582
24 24 (0) 2 : 0.999990 0.000010
25 25 (0) 2 : 0.999990 0.000010
26 26 (0) 2 : 0.999990 0.000010
27 27 (0) 2 : 0.999990 0.000010
28 28 (0) 2 : 0.999990 0.000010
29 29 (0) 2 : 0.996137 0.003863
30 30 (0) 2 : 0.881178 0.118822
31 31 (0) 2 : 0.928218 0.071782
32 32 (0) 2 : 0.956211 0.043789
33 33 (0) 2 : 0.999990 0.000010
34 34 (0) 2 : 0.999990 0.000010
35 35 (0) 2 : 0.999990 0.000010
36 36 (0) 2 : 0.999990 0.000010
37 37 (0) 2 : 0.000010 0.999990
38 38 (0) 1 : 0.008814 0.991186
39 39 (0) 1 : 0.000010 0.999990
40 40 (0) 1 : 0.000010 0.999990
41 41 (0) 1 : 0.091179 0.908821
42 42 (0) 1 : 0.125795 0.874205
43 43 (0) 1 : 0.019801 0.980199
44 44 (0) 1 : 0.043239 0.956761
