1 1 (0) 1 : 0.000010 0.999960 0.000010 0.000010 0.000010
2 2 (0) 1 : 0.000010 0.000010 0.000010 0.000010 0.999960
3 3 (0) 1 : 0.313283 0.000010 0.005570 0.208067 0.473071
4 4 (0) 1 : 0.322438 0.000010 0.013561 0.663981 0.000010
5 5 (0) 1 : 0.141905 0.000010 0.000010 0.123325 0.734751
6 6 (0) 1 : 0.000010 0.000010 0.000010 0.000010 0.999960
7 7 (0) 1 : 0.000010 0.000010 0.000010 0.082240 0.917730
8 8 (0) 1 : 0.156651 0.069886 0.018907 0.112062 0.642495
9 9 (0) 1 : 0.000010 0.398955 0.000010 0.601015 0.000010
10 10 (0) 2 : 0.000010 0.463194 0.000010 0.536776 0.000010
11 11 (0) 1 : 0.139903 0.139347 0.176222 0.177703 0.366826
12 12 (0) 1 : 0.000010 0.000010 0.000010 0.000010 0.999960
13 13 (0) 2 : 0.000010 0.285994 0.041194 0.469793 0.203009
14 14 (0) 1 : 0.000010 0.000010 0.000010 0.999960 0.000010
15 15 (0) 1 : 0.000010 0.008079 0.000010 0.199988 0.791913
16 16 (0) 1 : 0.000010 0.578547 0.421423 0.000010 0.000010
17 17 (0) 1 : 0.000010 0.000010 0.000010 0.999960 0.000010
18 18 (0) 1 : 0.000010 0.000010 0.000010 0.999960 0.000010
19 19 (0) 2 : 0.000010 0.000010 0.999960 0.000010 0.000010
20 20 (0) 2 : 0.000010 0.000010 0.999960 0.000010 0.000010
21 21 (0) 2 : 0.000010 0.000010 0.999960 0.000010 0.000010
22 22 (0) 2 : 0.053998 0.472670 0.462316 0.000010 0.011006
23 23 (0) 2 : 0.183406 0.657902 0.075954 0.000010 0.082728
24 24 (0) 2 : 0.000010 0.000010 0.999960 0.000010 0.000010
25 25 (0) 2 : 0.000010 0.000010 0.999960 0.000010 0.000010
26 26 (0) 2 : 0.000010 0.000010 0.999960 0.000010 0.000010
27 27 (0) 2 : 0.013833 0.008185 0.977963 0.000010 0.000010
28 28 (0) 2 : 0.000010 0.000010 0.999960 0.000010 0.000010
29 29 (0) 2 : 0.023263 0.000010 0.976707 0.000010 0.000010
30 30 (0) 2 : 0.000010 0.089868 0.850030 0.000010 0.060082
31 31 (0) 2 : 0.000010 0.095085 0.896104 0.000010 0.008791
32 32 (0) 2 : 0.000010 0.000010 0.918612 0.012344 0.069024
33 33 (0) 2 : 0.000010 0.016686 0.983284 0.000010 0.000010
34 34 (0) 2 : 0.000010 0.000010 0.999960 0.000010 0.000010
35 35 (0) 2 : 0.000010 0.000010 0.999960 0.000010 0.000010
36 36 (0) 2 : 0.044143 0.000010 0.955827 0.000010 0.000010
37 37 (0) 2 : 0.000010 0.999959 0.000010 0.000011 0.000010
38 38 (0) 1 : 0.827532 0.000010 0.000010 0.172438 0.000010
39 39 (0) 1 : 0.000013 0.999952 0.000015 0.000010 0.000010
40 40 (0) 1 : 0.241708 0.665035 0.000010 0.093238 0.000010
41 41 (0) 1 : 0.999960 0.000010 0.000010 0.000010 0.000010
42 42 (0) 1 : 0.999960 0.000010 0.000010 0.000010 0.000010
43 43 (0) 1 : 0.548399 0.451571 0.000010 0.000010 0.000010
44 44 (0) 1 : 0.632875 0.000010 0.000010 0.367095 0.000010
