1 1 (0) 1 : 0.000010 0.999980 0.000010
2 2 (0) 1 : 0.307808 0.692182 0.000010
3 3 (0) 1 : 0.204417 0.795573 0.000010
4 4 (0) 1 : 0.047060 0.895732 0.057208
5 5 (0) 1 : 0.241238 0.758752 0.000010
6 6 (0) 1 : 0.310080 0.689910 0.000010
7 7 (0) 1 : 0.212214 0.787776 0.000010
8 8 (0) 1 : 0.237703 0.762287 0.000010
9 9 (0) 1 : 0.000010 0.999980 0.000010
10 10 (0) 2 : 0.000010 0.999980 0.000010
11 11 (0) 1 : 0.249995 0.702259 0.047746
12 12 (0) 1 : 0.319362 0.680628 0.000010
13 13 (0) 2 : 0.121596 0.878394 0.000010
14 14 (0) 1 : 0.000010 0.998121 0.001869
15 15 (0) 1 : 0.191009 0.808981 0.000010
16 16 (0) 1 : 0.440018 0.495547 0.064436
17 17 (0) 1 : 0.031690 0.940665 0.027646
18 18 (0) 1 : 0.000010 0.999980 0.000010
19 19 (0) 2 : 0.000010 0.000010 0.999980
20 20 (0) 2 : 0.000010 0.000010 0.999980
21 21 (0) 2 : 0.000010 0.000010 0.999980
22 22 (0) 2 : 0.348965 0.490898 0.160137
23 23 (0) 2 : 0.107088 0.864670 0.028242
24 24 (0) 2 : 0.000010 0.000010 0.999980
25 25 (0) 2 : 0.000010 0.000010 0.999980
26 26 (0) 2 : 0.124383 0.000010 0.875607
27 27 (0) 2 : 0.999980 0.000010 0.000010
28 28 (0) 2 : 0.000010 0.000010 0.999980
29 29 (0) 2 : 0.500390 0.000010 0.499600
30 30 (0) 2 : 0.999980 0.000010 0.000010
31 31 (0) 2 : 0.999980 0.000010 0.000010
32 32 (0) 2 : 0.756493 0.000010 0.243497
33 33 (0) 2 : 0.999980 0.000010 0.000010
34 34 (0) 2 : 0.884196 0.000010 0.115794
35 35 (0) 2 : 0.374016 0.000010 0.625974
36 36 (0) 2 : 0.681080 0.000010 0.318910
37 37 (0) 2 : 0.002411 0.997579 0.000010
38 38 (0) 1 : 0.000010 0.964753 0.035237
39 39 (0) 1 : 0.000010 0.999980 0.000010
40 40 (0) 1 : 0.000010 0.985855 0.014135
41 41 (0) 1 : 0.119709 0.880281 0.000010
42 42 (0) 1 : 0.076937 0.851266 0.071797
43 43 (0) 1 : 0.000010 0.958759 0.041231
44 44 (0) 1 : 0.011446 0.939546 0.049007
1 1 (0) 1 : 0.999980 0.000010 0.000010
2 2 (0) 1 : 0.692182 0.307808 0.000010
3 3 (0) 1 : 0.795573 0.204417 0.000010
4 4 (0) 1 : 0.895733 0.047059 0.057208
5 5 (0) 1 : 0.758752 0.241238 0.000010
6 6 (0) 1 : 0.689910 0.310080 0.000010
7 7 (0) 1 : 0.787776 0.212214 0.000010
8 8 (0) 1 : 0.762287 0.237703 0.000010
9 9 (0) 1 : 0.999980 0.000010 0.000010
10 10 (0) 2 : 0.999980 0.000010 0.000010
11 11 (0) 1 : 0.702259 0.249995 0.047746
12 12 (0) 1 : 0.680628 0.319362 0.000010
13 13 (0) 2 : 0.878394 0.121596 0.000010
14 14 (0) 1 : 0.998121 0.000010 0.001869
15 15 (0) 1 : 0.808981 0.191009 0.000010
16 16 (0) 1 : 0.495546 0.440018 0.064436
17 17 (0) 1 : 0.940665 0.031689 0.027646
18 18 (0) 1 : 0.999980 0.000010 0.000010
19 19 (0) 2 : 0.000010 0.000010 0.999980
20 20 (0) 2 : 0.000010 0.000010 0.999980
21 21 (0) 2 : 0.000010 0.000010 0.999980
22 22 (0) 2 : 0.490898 0.348965 0.160137
23 23 (0) 2 : 0.864670 0.107088 0.028242
24 24 (0) 2 : 0.000010 0.000010 0.999980
25 25 (0) 2 : 0.000010 0.000010 0.999980
26 26 (0) 2 : 0.000010 0.124383 0.875607
27 27 (0) 2 : 0.000010 0.999980 0.000010
28 28 (0) 2 : 0.000010 0.000010 0.999980
29 29 (0) 2 : 0.000010 0.500389 0.499601
30 30 (0) 2 : 0.000010 0.999980 0.000010
31 31 (0) 2 : 0.000010 0.999980 0.000010
32 32 (0) 2 : 0.000010 0.756493 0.243497
33 33 (0) 2 : 0.000010 0.999980 0.000010
34 34 (0) 2 : 0.000010 0.884196 0.115794
35 35 (0) 2 : 0.000010 0.374015 0.625975
36 36 (0) 2 : 0.000010 0.681079 0.318911
37 37 (0) 2 : 0.997579 0.002411 0.000010
38 38 (0) 1 : 0.964753 0.000010 0.035237
39 39 (0) 1 : 0.999980 0.000010 0.000010
40 40 (0) 1 : 0.985855 0.000010 0.014135
41 41 (0) 1 : 0.880281 0.119709 0.000010
42 42 (0) 1 : 0.851266 0.076937 0.071797
43 43 (0) 1 : 0.958759 0.000010 0.041231
44 44 (0) 1 : 0.939547 0.011446 0.049008
