1 1 (0) 1 : 1.000000
2 2 (0) 1 : 1.000000
3 3 (0) 1 : 1.000000
4 4 (0) 1 : 1.000000
5 5 (0) 1 : 1.000000
6 6 (0) 1 : 1.000000
7 7 (0) 1 : 1.000000
8 8 (0) 1 : 1.000000
9 9 (0) 1 : 1.000000
10 10 (0) 2 : 1.000000
11 11 (0) 1 : 1.000000
12 12 (0) 1 : 1.000000
13 13 (0) 2 : 1.000000
14 14 (0) 1 : 1.000000
15 15 (0) 1 : 1.000000
16 16 (0) 1 : 1.000000
17 17 (0) 1 : 1.000000
18 18 (0) 1 : 1.000000
19 19 (0) 2 : 1.000000
20 20 (0) 2 : 1.000000
21 21 (0) 2 : 1.000000
22 22 (0) 2 : 1.000000
23 23 (0) 2 : 1.000000
24 24 (0) 2 : 1.000000
25 25 (0) 2 : 1.000000
26 26 (0) 2 : 1.000000
27 27 (0) 2 : 1.000000
28 28 (0) 2 : 1.000000
29 29 (0) 2 : 1.000000
30 30 (0) 2 : 1.000000
31 31 (0) 2 : 1.000000
32 32 (0) 2 : 1.000000
33 33 (0) 2 : 1.000000
34 34 (0) 2 : 1.000000
35 35 (0) 2 : 1.000000
36 36 (0) 2 : 1.000000
37 37 (0) 2 : 1.000000
38 38 (0) 1 : 1.000000
39 39 (0) 1 : 1.000000
40 40 (0) 1 : 1.000000
41 41 (0) 1 : 1.000000
42 42 (0) 1 : 1.000000
43 43 (0) 1 : 1.000000
44 44 (0) 1 : 1.000000
1 1 (0) 1 : 1.000000
2 2 (0) 1 : 1.000000
3 3 (0) 1 : 1.000000
4 4 (0) 1 : 1.000000
5 5 (0) 1 : 1.000000
6 6 (0) 1 : 1.000000
7 7 (0) 1 : 1.000000
8 8 (0) 1 : 1.000000
9 9 (0) 1 : 1.000000
10 10 (0) 2 : 1.000000
11 11 (0) 1 : 1.000000
12 12 (0) 1 : 1.000000
13 13 (0) 2 : 1.000000
14 14 (0) 1 : 1.000000
15 15 (0) 1 : 1.000000
16 16 (0) 1 : 1.000000
17 17 (0) 1 : 1.000000
18 18 (0) 1 : 1.000000
19 19 (0) 2 : 1.000000
20 20 (0) 2 : 1.000000
21 21 (0) 2 : 1.000000
22 22 (0) 2 : 1.000000
23 23 (0) 2 : 1.000000
24 24 (0) 2 : 1.000000
25 25 (0) 2 : 1.000000
26 26 (0) 2 : 1.000000
27 27 (0) 2 : 1.000000
28 28 (0) 2 : 1.000000
29 29 (0) 2 : 1.000000
30 30 (0) 2 : 1.000000
31 31 (0) 2 : 1.000000
32 32 (0) 2 : 1.000000
33 33 (0) 2 : 1.000000
34 34 (0) 2 : 1.000000
35 35 (0) 2 : 1.000000
36 36 (0) 2 : 1.000000
37 37 (0) 2 : 1.000000
38 38 (0) 1 : 1.000000
39 39 (0) 1 : 1.000000
40 40 (0) 1 : 1.000000
41 41 (0) 1 : 1.000000
42 42 (0) 1 : 1.000000
43 43 (0) 1 : 1.000000
44 44 (0) 1 : 1.000000
1 1 (0) 1 : 1.000000
2 2 (0) 1 : 1.000000
3 3 (0) 1 : 1.000000
4 4 (0) 1 : 1.000000
5 5 (0) 1 : 1.000000
6 6 (0) 1 : 1.000000
7 7 (0) 1 : 1.000000
8 8 (0) 1 : 1.000000
9 9 (0) 1 : 1.000000
10 10 (0) 2 : 1.000000
11 11 (0) 1 : 1.000000
12 12 (0) 1 : 1.000000
13 13 (0) 2 : 1.000000
14 14 (0) 1 : 1.000000
15 15 (0) 1 : 1.000000
16 16 (0) 1 : 1.000000
17 17 (0) 1 : 1.000000
18 18 (0) 1 : 1.000000
19 19 (0) 2 : 1.000000
20 20 (0) 2 : 1.000000
21 21 (0) 2 : 1.000000
22 22 (0) 2 : 1.000000
23 23 (0) 2 : 1.000000
24 24 (0) 2 : 1.000000
25 25 (0) 2 : 1.000000
26 26 (0) 2 : 1.000000
27 27 (0) 2 : 1.000000
28 28 (0) 2 : 1.000000
29 29 (0) 2 : 1.000000
30 30 (0) 2 : 1.000000
31 31 (0) 2 : 1.000000
32 32 (0) 2 : 1.000000
33 33 (0) 2 : 1.000000
34 34 (0) 2 : 1.000000
35 35 (0) 2 : 1.000000
36 36 (0) 2 : 1.000000
37 37 (0) 2 : 1.000000
38 38 (0) 1 : 1.000000
39 39 (0) 1 : 1.000000
40 40 (0) 1 : 1.000000
41 41 (0) 1 : 1.000000
42 42 (0) 1 : 1.000000
43 43 (0) 1 : 1.000000
44 44 (0) 1 : 1.000000
1 1 (0) 1 : 1.000000
2 2 (0) 1 : 1.000000
3 3 (0) 1 : 1.000000
4 4 (0) 1 : 1.000000
5 5 (0) 1 : 1.000000
6 6 (0) 1 : 1.000000
7 7 (0) 1 : 1.000000
8 8 (0) 1 : 1.000000
9 9 (0) 1 : 1.000000
10 10 (0) 2 : 1.000000
11 11 (0) 1 : 1.000000
12 12 (0) 1 : 1.000000
13 13 (0) 2 : 1.000000
14 14 (0) 1 : 1.000000
15 15 (0) 1 : 1.000000
16 16 (0) 1 : 1.000000
17 17 (0) 1 : 1.000000
18 18 (0) 1 : 1.000000
19 19 (0) 2 : 1.000000
20 20 (0) 2 : 1.000000
21 21 (0) 2 : 1.000000
22 22 (0) 2 : 1.000000
23 23 (0) 2 : 1.000000
24 24 (0) 2 : 1.000000
25 25 (0) 2 : 1.000000
26 26 (0) 2 : 1.000000
27 27 (0) 2 : 1.000000
28 28 (0) 2 : 1.000000
29 29 (0) 2 : 1.000000
30 30 (0) 2 : 1.000000
31 31 (0) 2 : 1.000000
32 32 (0) 2 : 1.000000
33 33 (0) 2 : 1.000000
34 34 (0) 2 : 1.000000
35 35 (0) 2 : 1.000000
36 36 (0) 2 : 1.000000
37 37 (0) 2 : 1.000000
38 38 (0) 1 : 1.000000
39 39 (0) 1 : 1.000000
40 40 (0) 1 : 1.000000
41 41 (0) 1 : 1.000000
42 42 (0) 1 : 1.000000
43 43 (0) 1 : 1.000000
44 44 (0) 1 : 1.000000
1 1 (0) 1 : 1.000000
2 2 (0) 1 : 1.000000
3 3 (0) 1 : 1.000000
4 4 (0) 1 : 1.000000
5 5 (0) 1 : 1.000000
6 6 (0) 1 : 1.000000
7 7 (0) 1 : 1.000000
8 8 (0) 1 : 1.000000
9 9 (0) 1 : 1.000000
10 10 (0) 2 : 1.000000
11 11 (0) 1 : 1.000000
12 12 (0) 1 : 1.000000
13 13 (0) 2 : 1.000000
14 14 (0) 1 : 1.000000
15 15 (0) 1 : 1.000000
16 16 (0) 1 : 1.000000
17 17 (0) 1 : 1.000000
18 18 (0) 1 : 1.000000
19 19 (0) 2 : 1.000000
20 20 (0) 2 : 1.000000
21 21 (0) 2 : 1.000000
22 22 (0) 2 : 1.000000
23 23 (0) 2 : 1.000000
24 24 (0) 2 : 1.000000
25 25 (0) 2 : 1.000000
26 26 (0) 2 : 1.000000
27 27 (0) 2 : 1.000000
28 28 (0) 2 : 1.000000
29 29 (0) 2 : 1.000000
30 30 (0) 2 : 1.000000
31 31 (0) 2 : 1.000000
32 32 (0) 2 : 1.000000
33 33 (0) 2 : 1.000000
34 34 (0) 2 : 1.000000
35 35 (0) 2 : 1.000000
36 36 (0) 2 : 1.000000
37 37 (0) 2 : 1.000000
38 38 (0) 1 : 1.000000
39 39 (0) 1 : 1.000000
40 40 (0) 1 : 1.000000
41 41 (0) 1 : 1.000000
42 42 (0) 1 : 1.000000
43 43 (0) 1 : 1.000000
44 44 (0) 1 : 1.000000
1 1 (0) 1 : 1.000000
2 2 (0) 1 : 1.000000
3 3 (0) 1 : 1.000000
4 4 (0) 1 : 1.000000
5 5 (0) 1 : 1.000000
6 6 (0) 1 : 1.000000
7 7 (0) 1 : 1.000000
8 8 (0) 1 : 1.000000
9 9 (0) 1 : 1.000000
10 10 (0) 2 : 1.000000
11 11 (0) 1 : 1.000000
12 12 (0) 1 : 1.000000
13 13 (0) 2 : 1.000000
14 14 (0) 1 : 1.000000
15 15 (0) 1 : 1.000000
16 16 (0) 1 : 1.000000
17 17 (0) 1 : 1.000000
18 18 (0) 1 : 1.000000
19 19 (0) 2 : 1.000000
20 20 (0) 2 : 1.000000
21 21 (0) 2 : 1.000000
22 22 (0) 2 : 1.000000
23 23 (0) 2 : 1.000000
24 24 (0) 2 : 1.000000
25 25 (0) 2 : 1.000000
26 26 (0) 2 : 1.000000
27 27 (0) 2 : 1.000000
28 28 (0) 2 : 1.000000
29 29 (0) 2 : 1.000000
30 30 (0) 2 : 1.000000
31 31 (0) 2 : 1.000000
32 32 (0) 2 : 1.000000
33 33 (0) 2 : 1.000000
34 34 (0) 2 : 1.000000
35 35 (0) 2 : 1.000000
36 36 (0) 2 : 1.000000
37 37 (0) 2 : 1.000000
38 38 (0) 1 : 1.000000
39 39 (0) 1 : 1.000000
40 40 (0) 1 : 1.000000
41 41 (0) 1 : 1.000000
42 42 (0) 1 : 1.000000
43 43 (0) 1 : 1.000000
44 44 (0) 1 : 1.000000
1 1 (0) 1 : 1.000000
2 2 (0) 1 : 1.000000
3 3 (0) 1 : 1.000000
4 4 (0) 1 : 1.000000
5 5 (0) 1 : 1.000000
6 6 (0) 1 : 1.000000
7 7 (0) 1 : 1.000000
8 8 (0) 1 : 1.000000
9 9 (0) 1 : 1.000000
10 10 (0) 2 : 1.000000
11 11 (0) 1 : 1.000000
12 12 (0) 1 : 1.000000
13 13 (0) 2 : 1.000000
14 14 (0) 1 : 1.000000
15 15 (0) 1 : 1.000000
16 16 (0) 1 : 1.000000
17 17 (0) 1 : 1.000000
18 18 (0) 1 : 1.000000
19 19 (0) 2 : 1.000000
20 20 (0) 2 : 1.000000
21 21 (0) 2 : 1.000000
22 22 (0) 2 : 1.000000
23 23 (0) 2 : 1.000000
24 24 (0) 2 : 1.000000
25 25 (0) 2 : 1.000000
26 26 (0) 2 : 1.000000
27 27 (0) 2 : 1.000000
28 28 (0) 2 : 1.000000
29 29 (0) 2 : 1.000000
30 30 (0) 2 : 1.000000
31 31 (0) 2 : 1.000000
32 32 (0) 2 : 1.000000
33 33 (0) 2 : 1.000000
34 34 (0) 2 : 1.000000
35 35 (0) 2 : 1.000000
36 36 (0) 2 : 1.000000
37 37 (0) 2 : 1.000000
38 38 (0) 1 : 1.000000
39 39 (0) 1 : 1.000000
40 40 (0) 1 : 1.000000
41 41 (0) 1 : 1.000000
42 42 (0) 1 : 1.000000
43 43 (0) 1 : 1.000000
44 44 (0) 1 : 1.000000
1 1 (0) 1 : 1.000000
2 2 (0) 1 : 1.000000
3 3 (0) 1 : 1.000000
4 4 (0) 1 : 1.000000
5 5 (0) 1 : 1.000000
6 6 (0) 1 : 1.000000
7 7 (0) 1 : 1.000000
8 8 (0) 1 : 1.000000
9 9 (0) 1 : 1.000000
10 10 (0) 2 : 1.000000
11 11 (0) 1 : 1.000000
12 12 (0) 1 : 1.000000
13 13 (0) 2 : 1.000000
14 14 (0) 1 : 1.000000
15 15 (0) 1 : 1.000000
16 16 (0) 1 : 1.000000
17 17 (0) 1 : 1.000000
18 18 (0) 1 : 1.000000
19 19 (0) 2 : 1.000000
20 20 (0) 2 : 1.000000
21 21 (0) 2 : 1.000000
22 22 (0) 2 : 1.000000
23 23 (0) 2 : 1.000000
24 24 (0) 2 : 1.000000
25 25 (0) 2 : 1.000000
26 26 (0) 2 : 1.000000
27 27 (0) 2 : 1.000000
28 28 (0) 2 : 1.000000
29 29 (0) 2 : 1.000000
30 30 (0) 2 : 1.000000
31 31 (0) 2 : 1.000000
32 32 (0) 2 : 1.000000
33 33 (0) 2 : 1.000000
34 34 (0) 2 : 1.000000
35 35 (0) 2 : 1.000000
36 36 (0) 2 : 1.000000
37 37 (0) 2 : 1.000000
38 38 (0) 1 : 1.000000
39 39 (0) 1 : 1.000000
40 40 (0) 1 : 1.000000
41 41 (0) 1 : 1.000000
42 42 (0) 1 : 1.000000
43 43 (0) 1 : 1.000000
44 44 (0) 1 : 1.000000
1 1 (0) 1 : 1.000000
2 2 (0) 1 : 1.000000
3 3 (0) 1 : 1.000000
4 4 (0) 1 : 1.000000
5 5 (0) 1 : 1.000000
6 6 (0) 1 : 1.000000
7 7 (0) 1 : 1.000000
8 8 (0) 1 : 1.000000
9 9 (0) 1 : 1.000000
10 10 (0) 2 : 1.000000
11 11 (0) 1 : 1.000000
12 12 (0) 1 : 1.000000
13 13 (0) 2 : 1.000000
14 14 (0) 1 : 1.000000
15 15 (0) 1 : 1.000000
16 16 (0) 1 : 1.000000
17 17 (0) 1 : 1.000000
18 18 (0) 1 : 1.000000
19 19 (0) 2 : 1.000000
20 20 (0) 2 : 1.000000
21 21 (0) 2 : 1.000000
22 22 (0) 2 : 1.000000
23 23 (0) 2 : 1.000000
24 24 (0) 2 : 1.000000
25 25 (0) 2 : 1.000000
26 26 (0) 2 : 1.000000
27 27 (0) 2 : 1.000000
28 28 (0) 2 : 1.000000
29 29 (0) 2 : 1.000000
30 30 (0) 2 : 1.000000
31 31 (0) 2 : 1.000000
32 32 (0) 2 : 1.000000
33 33 (0) 2 : 1.000000
34 34 (0) 2 : 1.000000
35 35 (0) 2 : 1.000000
36 36 (0) 2 : 1.000000
37 37 (0) 2 : 1.000000
38 38 (0) 1 : 1.000000
39 39 (0) 1 : 1.000000
40 40 (0) 1 : 1.000000
41 41 (0) 1 : 1.000000
42 42 (0) 1 : 1.000000
43 43 (0) 1 : 1.000000
44 44 (0) 1 : 1.000000
1 1 (0) 1 : 1.000000
2 2 (0) 1 : 1.000000
3 3 (0) 1 : 1.000000
4 4 (0) 1 : 1.000000
5 5 (0) 1 : 1.000000
6 6 (0) 1 : 1.000000
7 7 (0) 1 : 1.000000
8 8 (0) 1 : 1.000000
9 9 (0) 1 : 1.000000
10 10 (0) 2 : 1.000000
11 11 (0) 1 : 1.000000
12 12 (0) 1 : 1.000000
13 13 (0) 2 : 1.000000
14 14 (0) 1 : 1.000000
15 15 (0) 1 : 1.000000
16 16 (0) 1 : 1.000000
17 17 (0) 1 : 1.000000
18 18 (0) 1 : 1.000000
19 19 (0) 2 : 1.000000
20 20 (0) 2 : 1.000000
21 21 (0) 2 : 1.000000
22 22 (0) 2 : 1.000000
23 23 (0) 2 : 1.000000
24 24 (0) 2 : 1.000000
25 25 (0) 2 : 1.000000
26 26 (0) 2 : 1.000000
27 27 (0) 2 : 1.000000
28 28 (0) 2 : 1.000000
29 29 (0) 2 : 1.000000
30 30 (0) 2 : 1.000000
31 31 (0) 2 : 1.000000
32 32 (0) 2 : 1.000000
33 33 (0) 2 : 1.000000
34 34 (0) 2 : 1.000000
35 35 (0) 2 : 1.000000
36 36 (0) 2 : 1.000000
37 37 (0) 2 : 1.000000
38 38 (0) 1 : 1.000000
39 39 (0) 1 : 1.000000
40 40 (0) 1 : 1.000000
41 41 (0) 1 : 1.000000
42 42 (0) 1 : 1.000000
43 43 (0) 1 : 1.000000
44 44 (0) 1 : 1.000000
