1.0000	1.0000	0.5129	1.0000	1.0000	0.7529	1.0000	0.5129	1.0000	0.7529
1.0000	1.0000	0.5129	1.0000	1.0000	0.7529	1.0000	0.5129	1.0000	0.7529
0.5129	0.5129	1.0000	0.5129	0.5129	0.4320	0.5129	1.0000	0.5129	0.4320
1.0000	1.0000	0.5129	1.0000	1.0000	0.7529	1.0000	0.5129	1.0000	0.7529
1.0000	1.0000	0.5129	1.0000	1.0000	0.7529	1.0000	0.5129	1.0000	0.7529
0.7529	0.7529	0.4320	0.7529	0.7529	1.0000	0.7529	0.4320	0.7529	1.0000
1.0000	1.0000	0.5129	1.0000	1.0000	0.7529	1.0000	0.5129	1.0000	0.7529
0.5129	0.5129	1.0000	0.5129	0.5129	0.4320	0.5129	1.0000	0.5129	0.4320
1.0000	1.0000	0.5129	1.0000	1.0000	0.7529	1.0000	0.5129	1.0000	0.7529
0.7529	0.7529	0.4320	0.7529	0.7529	1.0000	0.7529	0.4320	0.7529	1.0000
