1 1 (0) 1 : 0.000010 0.000010 0.000010 0.999970
2 2 (0) 1 : 0.000010 0.999970 0.000010 0.000010
3 3 (0) 1 : 0.000010 0.733483 0.012904 0.253603
4 4 (0) 1 : 0.035974 0.337596 0.000010 0.626420
5 5 (0) 1 : 0.000010 0.999970 0.000010 0.000010
6 6 (0) 1 : 0.000010 0.999970 0.000010 0.000010
7 7 (0) 1 : 0.000010 0.999970 0.000010 0.000010
8 8 (0) 1 : 0.008160 0.778858 0.010913 0.202069
9 9 (0) 1 : 0.000010 0.000010 0.000010 0.999970
10 10 (0) 2 : 0.000010 0.000010 0.000010 0.999970
11 11 (0) 1 : 0.047665 0.466835 0.142500 0.343000
12 12 (0) 1 : 0.000010 0.999966 0.000014 0.000010
13 13 (0) 2 : 0.000010 0.237008 0.065485 0.697496
14 14 (0) 1 : 0.000010 0.174671 0.000010 0.825309
15 15 (0) 1 : 0.000010 0.863003 0.000010 0.136977
16 16 (0) 1 : 0.005984 0.000010 0.473457 0.520549
17 17 (0) 1 : 0.014626 0.231268 0.003101 0.751004
18 18 (0) 1 : 0.000010 0.000010 0.000010 0.999970
19 19 (0) 2 : 0.999970 0.000010 0.000010 0.000010
20 20 (0) 2 : 0.999970 0.000010 0.000010 0.000010
21 21 (0) 2 : 0.999970 0.000010 0.000010 0.000010
22 22 (0) 2 : 0.133899 0.008578 0.373393 0.484130
23 23 (0) 2 : 0.000010 0.122211 0.106956 0.770823
24 24 (0) 2 : 0.999970 0.000010 0.000010 0.000010
25 25 (0) 2 : 0.999970 0.000010 0.000010 0.000010
26 26 (0) 2 : 0.857312 0.000010 0.142668 0.000010
27 27 (0) 2 : 0.000010 0.000010 0.999970 0.000010
28 28 (0) 2 : 0.999970 0.000010 0.000010 0.000010
29 29 (0) 2 : 0.495257 0.000010 0.504723 0.000010
30 30 (0) 2 : 0.000010 0.000010 0.999970 0.000010
31 31 (0) 2 : 0.000010 0.000010 0.999970 0.000010
32 32 (0) 2 : 0.243984 0.000010 0.755996 0.000010
33 33 (0) 2 : 0.000011 0.000010 0.999969 0.000010
34 34 (0) 2 : 0.104591 0.000010 0.895389 0.000010
35 35 (0) 2 : 0.627931 0.000010 0.372049 0.000010
36 36 (0) 2 : 0.319422 0.000010 0.680558 0.000010
37 37 (0) 2 : 0.000010 0.000010 0.000010 0.999970
38 38 (0) 1 : 0.000010 0.297444 0.000010 0.702536
39 39 (0) 1 : 0.000017 0.000010 0.000010 0.999963
40 40 (0) 1 : 0.000010 0.055915 0.000010 0.944065
41 41 (0) 1 : 0.000010 0.444904 0.016206 0.538880
42 42 (0) 1 : 0.060706 0.363800 0.000010 0.575484
43 43 (0) 1 : 0.023176 0.127284 0.000010 0.849530
44 44 (0) 1 : 0.000010 0.383698 0.000010 0.616282
1 1 (0) 1 : 0.000010 0.000010 0.000010 0.999970
2 2 (0) 1 : 0.000010 0.999970 0.000010 0.000010
3 3 (0) 1 : 0.012904 0.733484 0.000010 0.253602
4 4 (0) 1 : 0.000010 0.337597 0.035974 0.626419
5 5 (0) 1 : 0.000010 0.999970 0.000010 0.000010
6 6 (0) 1 : 0.000010 0.999970 0.000010 0.000010
7 7 (0) 1 : 0.000010 0.999970 0.000010 0.000010
8 8 (0) 1 : 0.010913 0.778858 0.008160 0.202069
9 9 (0) 1 : 0.000012 0.000010 0.000010 0.999968
10 10 (0) 2 : 0.000010 0.000010 0.000010 0.999970
11 11 (0) 1 : 0.142500 0.466836 0.047665 0.343000
12 12 (0) 1 : 0.000010 0.999970 0.000010 0.000010
13 13 (0) 2 : 0.065485 0.237009 0.000010 0.697496
14 14 (0) 1 : 0.000010 0.174671 0.000010 0.825309
15 15 (0) 1 : 0.000010 0.863004 0.000010 0.136976
16 16 (0) 1 : 0.473457 0.000010 0.005984 0.520550
17 17 (0) 1 : 0.003101 0.231269 0.014626 0.751004
18 18 (0) 1 : 0.000010 0.000010 0.000010 0.999970
19 19 (0) 2 : 0.000010 0.000010 0.999970 0.000010
20 20 (0) 2 : 0.000010 0.000010 0.999970 0.000010
21 21 (0) 2 : 0.000010 0.000010 0.999970 0.000010
22 22 (0) 2 : 0.373393 0.008579 0.133899 0.484130
23 23 (0) 2 : 0.106955 0.122212 0.000010 0.770823
24 24 (0) 2 : 0.000010 0.000010 0.999970 0.000010
25 25 (0) 2 : 0.000010 0.000010 0.999970 0.000010
26 26 (0) 2 : 0.142668 0.000010 0.857312 0.000010
27 27 (0) 2 : 0.999970 0.000010 0.000010 0.000010
28 28 (0) 2 : 0.000010 0.000010 0.999970 0.000010
29 29 (0) 2 : 0.504723 0.000010 0.495257 0.000010
30 30 (0) 2 : 0.999970 0.000010 0.000010 0.000010
31 31 (0) 2 : 0.999970 0.000010 0.000010 0.000010
32 32 (0) 2 : 0.755996 0.000010 0.243984 0.000010
33 33 (0) 2 : 0.999970 0.000010 0.000010 0.000010
34 34 (0) 2 : 0.895388 0.000010 0.104592 0.000010
35 35 (0) 2 : 0.372049 0.000010 0.627931 0.000010
36 36 (0) 2 : 0.680558 0.000010 0.319422 0.000010
37 37 (0) 2 : 0.000010 0.000010 0.000010 0.999970
38 38 (0) 1 : 0.000010 0.297444 0.000010 0.702536
39 39 (0) 1 : 0.000010 0.000010 0.000010 0.999970
40 40 (0) 1 : 0.000010 0.055916 0.000010 0.944064
41 41 (0) 1 : 0.016205 0.444906 0.000010 0.538879
42 42 (0) 1 : 0.000010 0.363801 0.060706 0.575483
43 43 (0) 1 : 0.000010 0.127285 0.023175 0.849530
44 44 (0) 1 : 0.000010 0.383698 0.000010 0.616282
1 1 (0) 1 : 0.999970 0.000010 0.000010 0.000010
2 2 (0) 1 : 0.000010 0.000010 0.000010 0.999970
3 3 (0) 1 : 0.253601 0.000010 0.012903 0.733486
4 4 (0) 1 : 0.626418 0.035974 0.000010 0.337599
5 5 (0) 1 : 0.000010 0.000010 0.000010 0.999970
6 6 (0) 1 : 0.000010 0.000010 0.000010 0.999970
7 7 (0) 1 : 0.000010 0.000010 0.000010 0.999970
8 8 (0) 1 : 0.202068 0.008160 0.010913 0.778859
9 9 (0) 1 : 0.999970 0.000010 0.000010 0.000010
10 10 (0) 2 : 0.999970 0.000010 0.000010 0.000010
11 11 (0) 1 : 0.342999 0.047665 0.142499 0.466837
12 12 (0) 1 : 0.000010 0.000010 0.000010 0.999970
13 13 (0) 2 : 0.697496 0.000010 0.065484 0.237010
14 14 (0) 1 : 0.825308 0.000010 0.000010 0.174672
15 15 (0) 1 : 0.136973 0.000010 0.000010 0.863007
16 16 (0) 1 : 0.520550 0.005984 0.473456 0.000010
17 17 (0) 1 : 0.751002 0.014626 0.003101 0.231271
18 18 (0) 1 : 0.999970 0.000010 0.000010 0.000010
19 19 (0) 2 : 0.000010 0.999970 0.000010 0.000010
20 20 (0) 2 : 0.000010 0.999970 0.000010 0.000010
21 21 (0) 2 : 0.000010 0.999963 0.000017 0.000010
22 22 (0) 2 : 0.484126 0.133899 0.373391 0.008584
23 23 (0) 2 : 0.770820 0.000010 0.106954 0.122216
24 24 (0) 2 : 0.000010 0.999970 0.000010 0.000010
25 25 (0) 2 : 0.000010 0.999970 0.000010 0.000010
26 26 (0) 2 : 0.000010 0.857311 0.142669 0.000010
27 27 (0) 2 : 0.000010 0.000010 0.999970 0.000010
28 28 (0) 2 : 0.000010 0.999970 0.000010 0.000010
29 29 (0) 2 : 0.000010 0.495258 0.504722 0.000010
30 30 (0) 2 : 0.000010 0.000010 0.999970 0.000010
31 31 (0) 2 : 0.000010 0.000010 0.999970 0.000010
32 32 (0) 2 : 0.000010 0.243984 0.755996 0.000010
33 33 (0) 2 : 0.000010 0.000010 0.999970 0.000010
34 34 (0) 2 : 0.000010 0.104593 0.895387 0.000010
35 35 (0) 2 : 0.000010 0.627932 0.372048 0.000010
36 36 (0) 2 : 0.000010 0.319423 0.680557 0.000010
37 37 (0) 2 : 0.999970 0.000010 0.000010 0.000010
38 38 (0) 1 : 0.702533 0.000010 0.000010 0.297447
39 39 (0) 1 : 0.999970 0.000010 0.000010 0.000010
40 40 (0) 1 : 0.944062 0.000010 0.000010 0.055918
41 41 (0) 1 : 0.538877 0.000010 0.016204 0.444908
42 42 (0) 1 : 0.575481 0.060705 0.000010 0.363803
43 43 (0) 1 : 0.849528 0.023175 0.000010 0.127287
44 44 (0) 1 : 0.616279 0.000010 0.000010 0.383701
1 1 (0) 1 : 0.000010 0.000010 0.000010 0.999970
2 2 (0) 1 : 0.000010 0.999970 0.000010 0.000010
3 3 (0) 1 : 0.012903 0.733486 0.000010 0.253601
4 4 (0) 1 : 0.000010 0.337601 0.035974 0.626415
5 5 (0) 1 : 0.000010 0.999970 0.000010 0.000010
6 6 (0) 1 : 0.000010 0.999970 0.000010 0.000010
7 7 (0) 1 : 0.000010 0.999970 0.000010 0.000010
8 8 (0) 1 : 0.010913 0.778861 0.008159 0.202067
9 9 (0) 1 : 0.000010 0.000010 0.000010 0.999970
10 10 (0) 2 : 0.000010 0.000010 0.000010 0.999970
11 11 (0) 1 : 0.142500 0.466837 0.047664 0.342999
12 12 (0) 1 : 0.000010 0.999970 0.000010 0.000010
13 13 (0) 2 : 0.065485 0.237010 0.000010 0.697496
14 14 (0) 1 : 0.000010 0.174672 0.000010 0.825308
15 15 (0) 1 : 0.000010 0.863002 0.000010 0.136978
16 16 (0) 1 : 0.473458 0.000010 0.005983 0.520549
17 17 (0) 1 : 0.003101 0.231271 0.014626 0.751002
18 18 (0) 1 : 0.000010 0.000010 0.000010 0.999970
19 19 (0) 2 : 0.000010 0.000010 0.999970 0.000010
20 20 (0) 2 : 0.000010 0.000010 0.999970 0.000010
21 21 (0) 2 : 0.000012 0.000010 0.999968 0.000010
22 22 (0) 2 : 0.373391 0.008588 0.133898 0.484122
23 23 (0) 2 : 0.106953 0.122222 0.000010 0.770814
24 24 (0) 2 : 0.000010 0.000010 0.999970 0.000010
25 25 (0) 2 : 0.000010 0.000010 0.999970 0.000010
26 26 (0) 2 : 0.142669 0.000010 0.857311 0.000010
27 27 (0) 2 : 0.999970 0.000010 0.000010 0.000010
28 28 (0) 2 : 0.000010 0.000010 0.999970 0.000010
29 29 (0) 2 : 0.504725 0.000010 0.495255 0.000010
30 30 (0) 2 : 0.999968 0.000012 0.000010 0.000010
31 31 (0) 2 : 0.999970 0.000010 0.000010 0.000010
32 32 (0) 2 : 0.755998 0.000010 0.243982 0.000010
33 33 (0) 2 : 0.999970 0.000010 0.000010 0.000010
34 34 (0) 2 : 0.895393 0.000010 0.104587 0.000010
35 35 (0) 2 : 0.372050 0.000010 0.627930 0.000010
36 36 (0) 2 : 0.680560 0.000010 0.319420 0.000010
37 37 (0) 2 : 0.000010 0.000010 0.000010 0.999970
38 38 (0) 1 : 0.000010 0.297456 0.000010 0.702524
39 39 (0) 1 : 0.000010 0.000010 0.000010 0.999970
40 40 (0) 1 : 0.000010 0.055946 0.000010 0.944034
41 41 (0) 1 : 0.016204 0.444914 0.000010 0.538872
42 42 (0) 1 : 0.000010 0.363812 0.060704 0.575474
43 43 (0) 1 : 0.000010 0.127297 0.023173 0.849520
44 44 (0) 1 : 0.000010 0.383705 0.000010 0.616275
