1.0000 1.0000 1.0000 1.0000 0.6166 1.0000 0.5458 1.0000 1.0000 1.0000
1.0000 1.0000 1.0000 1.0000 0.6166 1.0000 0.5458 1.0000 1.0000 1.0000
1.0000 1.0000 1.0000 1.0000 0.6166 1.0000 0.5458 1.0000 1.0000 1.0000
1.0000 1.0000 1.0000 1.0000 0.6166 1.0000 0.5458 1.0000 1.0000 1.0000
0.6166 0.6166 0.6166 0.6166 1.0000 0.6166 0.4396 0.6166 0.6166 0.6166
1.0000 1.0000 1.0000 1.0000 0.6166 1.0000 0.5458 1.0000 1.0000 1.0000
0.5458 0.5458 0.5458 0.5458 0.4396 0.5458 1.0000 0.5458 0.5458 0.5458
1.0000 1.0000 1.0000 1.0000 0.6166 1.0000 0.5458 1.0000 1.0000 1.0000
1.0000 1.0000 1.0000 1.0000 0.6166 1.0000 0.5458 1.0000 1.0000 1.0000
1.0000 1.0000 1.0000 1.0000 0.6166 1.0000 0.5458 1.0000 1.0000 1.0000
