1 1 (0) 1 : 0.000010 0.000010 0.999960 0.000010 0.000010
2 2 (0) 1 : 0.000010 0.000010 0.000010 0.000010 0.999960
3 3 (0) 1 : 0.221296 0.000010 0.104615 0.012718 0.661361
4 4 (0) 1 : 0.660773 0.030608 0.139866 0.000010 0.168743
5 5 (0) 1 : 0.123108 0.000010 0.000010 0.000010 0.876862
6 6 (0) 1 : 0.000010 0.000010 0.000010 0.000010 0.999960
7 7 (0) 1 : 0.088157 0.000010 0.000010 0.000010 0.911813
8 8 (0) 1 : 0.112591 0.010567 0.145925 0.005113 0.725804
9 9 (0) 1 : 0.648573 0.000010 0.351397 0.000010 0.000010
10 10 (0) 2 : 0.569278 0.000010 0.430692 0.000010 0.000010
11 11 (0) 1 : 0.187851 0.049102 0.207581 0.141642 0.413824
12 12 (0) 1 : 0.000010 0.000010 0.000010 0.000010 0.999960
13 13 (0) 2 : 0.491526 0.000010 0.263071 0.061972 0.183421
14 14 (0) 1 : 0.999960 0.000010 0.000010 0.000010 0.000010
15 15 (0) 1 : 0.200184 0.000010 0.000010 0.000010 0.799786
16 16 (0) 1 : 0.000010 0.000010 0.538509 0.461461 0.000010
17 17 (0) 1 : 0.999960 0.000010 0.000010 0.000010 0.000010
18 18 (0) 1 : 0.999960 0.000010 0.000010 0.000010 0.000010
19 19 (0) 2 : 0.000010 0.999960 0.000010 0.000010 0.000010
20 20 (0) 2 : 0.000010 0.999960 0.000010 0.000010 0.000010
21 21 (0) 2 : 0.000012 0.999958 0.000010 0.000010 0.000010
22 22 (0) 2 : 0.000010 0.130428 0.506641 0.362911 0.000010
23 23 (0) 2 : 0.000010 0.000010 0.803501 0.100216 0.096263
24 24 (0) 2 : 0.000012 0.999958 0.000010 0.000010 0.000010
25 25 (0) 2 : 0.000010 0.999960 0.000010 0.000010 0.000010
26 26 (0) 2 : 0.000010 0.856232 0.000010 0.143738 0.000010
27 27 (0) 2 : 0.000010 0.000010 0.000010 0.999960 0.000010
28 28 (0) 2 : 0.000010 0.999960 0.000010 0.000010 0.000010
29 29 (0) 2 : 0.000010 0.494417 0.000010 0.505553 0.000010
30 30 (0) 2 : 0.000010 0.000010 0.000010 0.999960 0.000010
31 31 (0) 2 : 0.000010 0.000010 0.000010 0.999960 0.000010
32 32 (0) 2 : 0.000010 0.242451 0.000010 0.757519 0.000010
33 33 (0) 2 : 0.000010 0.000010 0.000010 0.999960 0.000010
34 34 (0) 2 : 0.000010 0.103044 0.000010 0.896926 0.000010
35 35 (0) 2 : 0.000010 0.628083 0.000010 0.371887 0.000010
36 36 (0) 2 : 0.000010 0.318455 0.000010 0.681515 0.000010
37 37 (0) 2 : 0.000010 0.000010 0.999960 0.000010 0.000010
38 38 (0) 1 : 0.194451 0.000010 0.591580 0.000010 0.213949
39 39 (0) 1 : 0.000010 0.000010 0.999960 0.000010 0.000010
40 40 (0) 1 : 0.126859 0.000010 0.873111 0.000010 0.000010
41 41 (0) 1 : 0.066286 0.000010 0.567547 0.005073 0.361084
42 42 (0) 1 : 0.000010 0.018462 0.725055 0.000010 0.256463
43 43 (0) 1 : 0.000010 0.000010 0.999960 0.000010 0.000010
44 44 (0) 1 : 0.347569 0.000010 0.361726 0.000010 0.290685
1 1 (0) 1 : 0.999960 0.000010 0.000010 0.000010 0.000010
2 2 (0) 1 : 0.000010 0.000010 0.000010 0.999960 0.000010
3 3 (0) 1 : 0.104613 0.000010 0.012718 0.661372 0.221287
4 4 (0) 1 : 0.139864 0.030608 0.000010 0.168748 0.660769
5 5 (0) 1 : 0.000010 0.000010 0.000010 0.876873 0.123097
6 6 (0) 1 : 0.000010 0.000010 0.000010 0.999960 0.000010
7 7 (0) 1 : 0.000010 0.000010 0.000010 0.911826 0.088144
8 8 (0) 1 : 0.145923 0.010566 0.005113 0.725812 0.112585
9 9 (0) 1 : 0.351393 0.000010 0.000020 0.000010 0.648568
10 10 (0) 2 : 0.430693 0.000010 0.000010 0.000010 0.569277
11 11 (0) 1 : 0.207580 0.049101 0.141642 0.413831 0.187845
12 12 (0) 1 : 0.000010 0.000010 0.000010 0.999960 0.000010
13 13 (0) 2 : 0.263071 0.000010 0.061973 0.183424 0.491521
14 14 (0) 1 : 0.000010 0.000010 0.000010 0.000010 0.999960
15 15 (0) 1 : 0.000010 0.000010 0.000010 0.799796 0.200174
16 16 (0) 1 : 0.538509 0.000010 0.461461 0.000010 0.000010
17 17 (0) 1 : 0.000010 0.000010 0.000010 0.000010 0.999960
18 18 (0) 1 : 0.000010 0.000010 0.000011 0.000010 0.999959
19 19 (0) 2 : 0.000010 0.999960 0.000010 0.000010 0.000010
20 20 (0) 2 : 0.000010 0.999959 0.000010 0.000011 0.000010
21 21 (0) 2 : 0.000010 0.999960 0.000010 0.000010 0.000010
22 22 (0) 2 : 0.506641 0.130427 0.362912 0.000010 0.000010
23 23 (0) 2 : 0.803497 0.000010 0.100216 0.096267 0.000010
24 24 (0) 2 : 0.000010 0.999951 0.000019 0.000010 0.000010
25 25 (0) 2 : 0.000010 0.999960 0.000010 0.000010 0.000010
26 26 (0) 2 : 0.000010 0.856233 0.143737 0.000010 0.000010
27 27 (0) 2 : 0.000010 0.000010 0.999960 0.000010 0.000010
28 28 (0) 2 : 0.000010 0.999953 0.000010 0.000017 0.000010
29 29 (0) 2 : 0.000010 0.494416 0.505554 0.000010 0.000010
30 30 (0) 2 : 0.000014 0.000010 0.999956 0.000010 0.000010
31 31 (0) 2 : 0.000010 0.000010 0.999960 0.000010 0.000010
32 32 (0) 2 : 0.000010 0.242452 0.757518 0.000010 0.000010
33 33 (0) 2 : 0.000010 0.000010 0.999960 0.000010 0.000010
34 34 (0) 2 : 0.000010 0.103045 0.896925 0.000010 0.000010
35 35 (0) 2 : 0.000010 0.628082 0.371888 0.000010 0.000010
36 36 (0) 2 : 0.000010 0.318455 0.681515 0.000010 0.000010
37 37 (0) 2 : 0.999960 0.000010 0.000010 0.000010 0.000010
38 38 (0) 1 : 0.591576 0.000010 0.000010 0.213955 0.194448
39 39 (0) 1 : 0.999960 0.000010 0.000010 0.000010 0.000010
40 40 (0) 1 : 0.873110 0.000010 0.000010 0.000010 0.126860
41 41 (0) 1 : 0.567544 0.000010 0.005073 0.361091 0.066282
42 42 (0) 1 : 0.725052 0.018461 0.000010 0.256467 0.000010
43 43 (0) 1 : 0.999960 0.000010 0.000010 0.000010 0.000010
44 44 (0) 1 : 0.361723 0.000010 0.000010 0.290693 0.347564
1 1 (0) 1 : 0.999960 0.000010 0.000010 0.000010 0.000010
2 2 (0) 1 : 0.000010 0.000010 0.999960 0.000010 0.000010
3 3 (0) 1 : 0.104613 0.221281 0.661380 0.000010 0.012716
4 4 (0) 1 : 0.139864 0.660768 0.168750 0.030608 0.000010
5 5 (0) 1 : 0.000010 0.123085 0.876885 0.000010 0.000010
6 6 (0) 1 : 0.000010 0.000010 0.999960 0.000010 0.000010
7 7 (0) 1 : 0.000010 0.088138 0.911832 0.000010 0.000010
8 8 (0) 1 : 0.145924 0.112580 0.725817 0.010567 0.005113
9 9 (0) 1 : 0.351400 0.648570 0.000010 0.000010 0.000010
10 10 (0) 2 : 0.430694 0.569276 0.000010 0.000010 0.000010
11 11 (0) 1 : 0.207580 0.187842 0.413834 0.049102 0.141642
12 12 (0) 1 : 0.000010 0.000010 0.999960 0.000010 0.000010
13 13 (0) 2 : 0.263072 0.491520 0.183426 0.000010 0.061972
14 14 (0) 1 : 0.000010 0.999960 0.000010 0.000010 0.000010
15 15 (0) 1 : 0.000010 0.200169 0.799801 0.000010 0.000010
16 16 (0) 1 : 0.538509 0.000010 0.000010 0.000010 0.461461
17 17 (0) 1 : 0.000010 0.999960 0.000010 0.000010 0.000010
18 18 (0) 1 : 0.000017 0.999946 0.000010 0.000017 0.000010
19 19 (0) 2 : 0.000010 0.000010 0.000010 0.999960 0.000010
20 20 (0) 2 : 0.000010 0.000010 0.000010 0.999960 0.000010
21 21 (0) 2 : 0.000010 0.000010 0.000010 0.999960 0.000010
22 22 (0) 2 : 0.506641 0.000010 0.000010 0.130428 0.362911
23 23 (0) 2 : 0.803496 0.000010 0.096268 0.000010 0.100215
24 24 (0) 2 : 0.000010 0.000010 0.000010 0.999960 0.000010
25 25 (0) 2 : 0.000010 0.000010 0.000010 0.999960 0.000010
26 26 (0) 2 : 0.000010 0.000010 0.000010 0.856232 0.143738
27 27 (0) 2 : 0.000010 0.000010 0.000010 0.000010 0.999960
28 28 (0) 2 : 0.000010 0.000010 0.000010 0.999960 0.000010
29 29 (0) 2 : 0.000010 0.000010 0.000010 0.494417 0.505553
30 30 (0) 2 : 0.000010 0.000010 0.000010 0.000010 0.999960
31 31 (0) 2 : 0.000010 0.000010 0.000010 0.000010 0.999960
32 32 (0) 2 : 0.000010 0.000010 0.000010 0.242451 0.757519
33 33 (0) 2 : 0.000010 0.000010 0.000010 0.000010 0.999960
34 34 (0) 2 : 0.000010 0.000010 0.000010 0.103044 0.896926
35 35 (0) 2 : 0.000010 0.000010 0.000010 0.628083 0.371887
36 36 (0) 2 : 0.000010 0.000010 0.000010 0.318455 0.681515
37 37 (0) 2 : 0.999960 0.000010 0.000010 0.000010 0.000010
38 38 (0) 1 : 0.591576 0.194447 0.213957 0.000010 0.000010
39 39 (0) 1 : 0.999960 0.000010 0.000010 0.000010 0.000010
40 40 (0) 1 : 0.873110 0.126860 0.000010 0.000010 0.000010
41 41 (0) 1 : 0.567543 0.066278 0.361096 0.000010 0.005072
42 42 (0) 1 : 0.725050 0.000010 0.256469 0.018461 0.000010
43 43 (0) 1 : 0.999960 0.000010 0.000010 0.000010 0.000010
44 44 (0) 1 : 0.361723 0.347561 0.290695 0.000010 0.000010
1 1 (0) 1 : 0.000010 0.000010 0.999960 0.000010 0.000010
2 2 (0) 1 : 0.000010 0.000010 0.000010 0.000010 0.999960
3 3 (0) 1 : 0.012717 0.000010 0.104613 0.221283 0.661377
4 4 (0) 1 : 0.000010 0.030609 0.139865 0.660766 0.168751
5 5 (0) 1 : 0.000010 0.000010 0.000010 0.123090 0.876880
6 6 (0) 1 : 0.000010 0.000010 0.000010 0.000010 0.999960
7 7 (0) 1 : 0.000010 0.000010 0.000010 0.088139 0.911831
8 8 (0) 1 : 0.005113 0.010567 0.145924 0.112582 0.725815
9 9 (0) 1 : 0.000010 0.000012 0.351396 0.648572 0.000010
10 10 (0) 2 : 0.000010 0.000010 0.430692 0.569278 0.000010
11 11 (0) 1 : 0.141642 0.049101 0.207580 0.187843 0.413833
12 12 (0) 1 : 0.000010 0.000010 0.000010 0.000010 0.999960
13 13 (0) 2 : 0.061972 0.000010 0.263071 0.491521 0.183426
14 14 (0) 1 : 0.000010 0.000010 0.000010 0.999960 0.000010
15 15 (0) 1 : 0.000010 0.000010 0.000010 0.200170 0.799800
16 16 (0) 1 : 0.461461 0.000010 0.538509 0.000010 0.000010
17 17 (0) 1 : 0.000010 0.000014 0.000010 0.999956 0.000010
18 18 (0) 1 : 0.000010 0.000010 0.000010 0.999960 0.000010
19 19 (0) 2 : 0.000010 0.999960 0.000010 0.000010 0.000010
20 20 (0) 2 : 0.000010 0.999960 0.000010 0.000010 0.000010
21 21 (0) 2 : 0.000010 0.999960 0.000010 0.000010 0.000010
22 22 (0) 2 : 0.362912 0.130427 0.506641 0.000010 0.000010
23 23 (0) 2 : 0.100215 0.000010 0.803497 0.000010 0.096268
24 24 (0) 2 : 0.000010 0.999954 0.000016 0.000010 0.000010
25 25 (0) 2 : 0.000010 0.999960 0.000010 0.000010 0.000010
26 26 (0) 2 : 0.143737 0.856233 0.000010 0.000010 0.000010
27 27 (0) 2 : 0.999960 0.000010 0.000010 0.000010 0.000010
28 28 (0) 2 : 0.000010 0.999960 0.000010 0.000010 0.000010
29 29 (0) 2 : 0.505554 0.494416 0.000010 0.000010 0.000010
30 30 (0) 2 : 0.999960 0.000010 0.000010 0.000010 0.000010
31 31 (0) 2 : 0.999960 0.000010 0.000010 0.000010 0.000010
32 32 (0) 2 : 0.757520 0.242450 0.000010 0.000010 0.000010
33 33 (0) 2 : 0.999960 0.000010 0.000010 0.000010 0.000010
34 34 (0) 2 : 0.896930 0.103040 0.000010 0.000010 0.000010
35 35 (0) 2 : 0.371888 0.628082 0.000010 0.000010 0.000010
36 36 (0) 2 : 0.681516 0.318454 0.000010 0.000010 0.000010
37 37 (0) 2 : 0.000010 0.000010 0.999960 0.000010 0.000010
38 38 (0) 1 : 0.000010 0.000010 0.591576 0.194447 0.213957
39 39 (0) 1 : 0.000010 0.000010 0.999960 0.000010 0.000010
40 40 (0) 1 : 0.000010 0.000010 0.873111 0.126859 0.000010
41 41 (0) 1 : 0.005072 0.000010 0.567544 0.066278 0.361095
42 42 (0) 1 : 0.000010 0.018461 0.725051 0.000010 0.256468
43 43 (0) 1 : 0.000010 0.000010 0.999960 0.000010 0.000010
44 44 (0) 1 : 0.000010 0.000010 0.361723 0.347562 0.290695
1 1 (0) 1 : 0.000010 0.000010 0.000010 0.000010 0.999960
2 2 (0) 1 : 0.000010 0.000010 0.000010 0.999960 0.000010
3 3 (0) 1 : 0.017340 0.000010 0.000010 0.727507 0.255133
4 4 (0) 1 : 0.040169 0.015615 0.000010 0.318786 0.625420
5 5 (0) 1 : 0.000010 0.000010 0.000010 0.999960 0.000010
6 6 (0) 1 : 0.000010 0.000010 0.000010 0.999960 0.000010
7 7 (0) 1 : 0.000010 0.000010 0.000010 0.999960 0.000010
8 8 (0) 1 : 0.000010 0.006538 0.018167 0.774937 0.200348
9 9 (0) 1 : 0.000010 0.000010 0.000010 0.000010 0.999960
10 10 (0) 2 : 0.000010 0.000010 0.000010 0.000010 0.999960
11 11 (0) 1 : 0.183951 0.001478 0.012638 0.455745 0.346188
12 12 (0) 1 : 0.000010 0.000010 0.000010 0.999960 0.000010
13 13 (0) 2 : 0.100463 0.000010 0.000010 0.211971 0.687546
14 14 (0) 1 : 0.000010 0.000010 0.000010 0.167597 0.832373
15 15 (0) 1 : 0.000010 0.000010 0.000010 0.859191 0.140779
16 16 (0) 1 : 0.000010 0.008608 0.473804 0.000010 0.517568
17 17 (0) 1 : 0.055329 0.000010 0.000010 0.198897 0.745754
18 18 (0) 1 : 0.000010 0.000010 0.000010 0.000010 0.999960
19 19 (0) 2 : 0.000010 0.999960 0.000010 0.000010 0.000010
20 20 (0) 2 : 0.000010 0.999960 0.000010 0.000010 0.000010
21 21 (0) 2 : 0.000010 0.999960 0.000010 0.000010 0.000010
22 22 (0) 2 : 0.000010 0.139940 0.372470 0.003869 0.483710
23 23 (0) 2 : 0.000010 0.000010 0.121911 0.116952 0.761117
24 24 (0) 2 : 0.000010 0.999960 0.000010 0.000010 0.000010
25 25 (0) 2 : 0.083861 0.916109 0.000010 0.000010 0.000010
26 26 (0) 2 : 0.147149 0.825996 0.026835 0.000010 0.000010
27 27 (0) 2 : 0.277191 0.000010 0.722779 0.000010 0.000010
28 28 (0) 2 : 0.000010 0.999960 0.000010 0.000010 0.000010
29 29 (0) 2 : 0.549436 0.425114 0.025420 0.000020 0.000010
30 30 (0) 2 : 0.000010 0.000010 0.999960 0.000010 0.000010
31 31 (0) 2 : 0.000010 0.000010 0.999960 0.000010 0.000010
32 32 (0) 2 : 0.999960 0.000010 0.000010 0.000010 0.000010
33 33 (0) 2 : 0.327029 0.000010 0.672937 0.000014 0.000010
34 34 (0) 2 : 0.300242 0.082276 0.617462 0.000010 0.000010
35 35 (0) 2 : 0.442330 0.557640 0.000010 0.000010 0.000010
36 36 (0) 2 : 0.999960 0.000010 0.000010 0.000010 0.000010
37 37 (0) 2 : 0.000010 0.000010 0.006320 0.000010 0.993650
38 38 (0) 1 : 0.000010 0.000010 0.000010 0.294995 0.704975
39 39 (0) 1 : 0.000012 0.000010 0.000014 0.000010 0.999954
40 40 (0) 1 : 0.000010 0.000010 0.026269 0.041101 0.932610
41 41 (0) 1 : 0.032241 0.000010 0.000010 0.432218 0.535520
42 42 (0) 1 : 0.000010 0.060882 0.006790 0.359653 0.572666
43 43 (0) 1 : 0.000010 0.029976 0.000010 0.124161 0.845842
44 44 (0) 1 : 0.003648 0.000010 0.000010 0.377450 0.618882
1 1 (0) 1 : 0.000010 0.000010 0.999960 0.000010 0.000010
2 2 (0) 1 : 0.000010 0.000010 0.000010 0.999960 0.000010
3 3 (0) 1 : 0.000010 0.012715 0.104612 0.661384 0.221278
4 4 (0) 1 : 0.030608 0.000010 0.139865 0.168753 0.660765
5 5 (0) 1 : 0.000010 0.000010 0.000010 0.876888 0.123082
6 6 (0) 1 : 0.000010 0.000010 0.000010 0.999960 0.000010
7 7 (0) 1 : 0.000010 0.000010 0.000010 0.911836 0.088134
8 8 (0) 1 : 0.010566 0.005113 0.145924 0.725819 0.112578
9 9 (0) 1 : 0.000010 0.000010 0.351398 0.000010 0.648572
10 10 (0) 2 : 0.000010 0.000010 0.430693 0.000010 0.569277
11 11 (0) 1 : 0.049102 0.141642 0.207580 0.413836 0.187840
12 12 (0) 1 : 0.000010 0.000010 0.000010 0.999960 0.000010
13 13 (0) 2 : 0.000010 0.061972 0.263072 0.183428 0.491519
14 14 (0) 1 : 0.000010 0.000010 0.000010 0.000010 0.999960
15 15 (0) 1 : 0.000010 0.000010 0.000010 0.799804 0.200166
16 16 (0) 1 : 0.000010 0.461461 0.538509 0.000010 0.000010
17 17 (0) 1 : 0.000010 0.000010 0.000010 0.000010 0.999960
18 18 (0) 1 : 0.000010 0.000010 0.000010 0.000010 0.999960
19 19 (0) 2 : 0.999960 0.000010 0.000010 0.000010 0.000010
20 20 (0) 2 : 0.999960 0.000010 0.000010 0.000010 0.000010
21 21 (0) 2 : 0.999955 0.000010 0.000015 0.000010 0.000010
22 22 (0) 2 : 0.130428 0.362911 0.506641 0.000010 0.000010
23 23 (0) 2 : 0.000010 0.100216 0.803497 0.096267 0.000010
24 24 (0) 2 : 0.999960 0.000010 0.000010 0.000010 0.000010
25 25 (0) 2 : 0.999960 0.000010 0.000010 0.000010 0.000010
26 26 (0) 2 : 0.856232 0.143738 0.000010 0.000010 0.000010
27 27 (0) 2 : 0.000010 0.999960 0.000010 0.000010 0.000010
28 28 (0) 2 : 0.999957 0.000010 0.000013 0.000010 0.000010
29 29 (0) 2 : 0.494417 0.505553 0.000010 0.000010 0.000010
30 30 (0) 2 : 0.000010 0.999960 0.000010 0.000010 0.000010
31 31 (0) 2 : 0.000018 0.999952 0.000010 0.000010 0.000010
32 32 (0) 2 : 0.242450 0.757520 0.000010 0.000010 0.000010
33 33 (0) 2 : 0.000010 0.999960 0.000010 0.000010 0.000010
34 34 (0) 2 : 0.103048 0.896922 0.000010 0.000010 0.000010
35 35 (0) 2 : 0.628083 0.371887 0.000010 0.000010 0.000010
36 36 (0) 2 : 0.318455 0.681515 0.000010 0.000010 0.000010
37 37 (0) 2 : 0.000013 0.000010 0.999957 0.000010 0.000010
38 38 (0) 1 : 0.000010 0.000010 0.591577 0.213958 0.194445
39 39 (0) 1 : 0.000010 0.000010 0.999960 0.000010 0.000010
40 40 (0) 1 : 0.000010 0.000010 0.873112 0.000010 0.126858
41 41 (0) 1 : 0.000010 0.005072 0.567544 0.361098 0.066276
42 42 (0) 1 : 0.018462 0.000010 0.725050 0.256468 0.000010
43 43 (0) 1 : 0.000010 0.000010 0.999960 0.000010 0.000010
44 44 (0) 1 : 0.000010 0.000010 0.361724 0.290697 0.347559
1 1 (0) 1 : 0.000010 0.999960 0.000010 0.000010 0.000010
2 2 (0) 1 : 0.000010 0.000010 0.000010 0.000010 0.999960
3 3 (0) 1 : 0.313283 0.000010 0.005570 0.208067 0.473071
4 4 (0) 1 : 0.322438 0.000010 0.013561 0.663981 0.000010
5 5 (0) 1 : 0.141905 0.000010 0.000010 0.123325 0.734751
6 6 (0) 1 : 0.000010 0.000010 0.000010 0.000010 0.999960
7 7 (0) 1 : 0.000010 0.000010 0.000010 0.082240 0.917730
8 8 (0) 1 : 0.156651 0.069886 0.018907 0.112062 0.642495
9 9 (0) 1 : 0.000010 0.398955 0.000010 0.601015 0.000010
10 10 (0) 2 : 0.000010 0.463194 0.000010 0.536776 0.000010
11 11 (0) 1 : 0.139903 0.139347 0.176222 0.177703 0.366826
12 12 (0) 1 : 0.000010 0.000010 0.000010 0.000010 0.999960
13 13 (0) 2 : 0.000010 0.285994 0.041194 0.469793 0.203009
14 14 (0) 1 : 0.000010 0.000010 0.000010 0.999960 0.000010
15 15 (0) 1 : 0.000010 0.008079 0.000010 0.199988 0.791913
16 16 (0) 1 : 0.000010 0.578547 0.421423 0.000010 0.000010
17 17 (0) 1 : 0.000010 0.000010 0.000010 0.999960 0.000010
18 18 (0) 1 : 0.000010 0.000010 0.000010 0.999960 0.000010
19 19 (0) 2 : 0.000010 0.000010 0.999960 0.000010 0.000010
20 20 (0) 2 : 0.000010 0.000010 0.999960 0.000010 0.000010
21 21 (0) 2 : 0.000010 0.000010 0.999960 0.000010 0.000010
22 22 (0) 2 : 0.053998 0.472670 0.462316 0.000010 0.011006
23 23 (0) 2 : 0.183406 0.657902 0.075954 0.000010 0.082728
24 24 (0) 2 : 0.000010 0.000010 0.999960 0.000010 0.000010
25 25 (0) 2 : 0.000010 0.000010 0.999960 0.000010 0.000010
26 26 (0) 2 : 0.000010 0.000010 0.999960 0.000010 0.000010
27 27 (0) 2 : 0.013833 0.008185 0.977963 0.000010 0.000010
28 28 (0) 2 : 0.000010 0.000010 0.999960 0.000010 0.000010
29 29 (0) 2 : 0.023263 0.000010 0.976707 0.000010 0.000010
30 30 (0) 2 : 0.000010 0.089868 0.850030 0.000010 0.060082
31 31 (0) 2 : 0.000010 0.095085 0.896104 0.000010 0.008791
32 32 (0) 2 : 0.000010 0.000010 0.918612 0.012344 0.069024
33 33 (0) 2 : 0.000010 0.016686 0.983284 0.000010 0.000010
34 34 (0) 2 : 0.000010 0.000010 0.999960 0.000010 0.000010
35 35 (0) 2 : 0.000010 0.000010 0.999960 0.000010 0.000010
36 36 (0) 2 : 0.044143 0.000010 0.955827 0.000010 0.000010
37 37 (0) 2 : 0.000010 0.999959 0.000010 0.000011 0.000010
38 38 (0) 1 : 0.827532 0.000010 0.000010 0.172438 0.000010
39 39 (0) 1 : 0.000013 0.999952 0.000015 0.000010 0.000010
40 40 (0) 1 : 0.241708 0.665035 0.000010 0.093238 0.000010
41 41 (0) 1 : 0.999960 0.000010 0.000010 0.000010 0.000010
42 42 (0) 1 : 0.999960 0.000010 0.000010 0.000010 0.000010
43 43 (0) 1 : 0.548399 0.451571 0.000010 0.000010 0.000010
44 44 (0) 1 : 0.632875 0.000010 0.000010 0.367095 0.000010
1 1 (0) 1 : 0.000010 0.000010 0.000010 0.999960 0.000010
2 2 (0) 1 : 0.000010 0.999960 0.000010 0.000010 0.000010
3 3 (0) 1 : 0.000010 0.661379 0.221285 0.104611 0.012714
4 4 (0) 1 : 0.030608 0.168750 0.660769 0.139864 0.000010
5 5 (0) 1 : 0.000010 0.876882 0.123088 0.000010 0.000010
6 6 (0) 1 : 0.000010 0.999960 0.000010 0.000010 0.000010
7 7 (0) 1 : 0.000010 0.911817 0.088153 0.000010 0.000010
8 8 (0) 1 : 0.010567 0.725817 0.112582 0.145923 0.005110
9 9 (0) 1 : 0.000010 0.000010 0.648573 0.351397 0.000010
10 10 (0) 2 : 0.000010 0.000010 0.569278 0.430692 0.000010
11 11 (0) 1 : 0.049102 0.413832 0.187846 0.207579 0.141642
12 12 (0) 1 : 0.000010 0.999960 0.000010 0.000010 0.000010
13 13 (0) 2 : 0.000010 0.183425 0.491523 0.263071 0.061972
14 14 (0) 1 : 0.000010 0.000010 0.999960 0.000010 0.000010
15 15 (0) 1 : 0.000010 0.799792 0.200178 0.000010 0.000010
16 16 (0) 1 : 0.000010 0.000010 0.000010 0.538509 0.461461
17 17 (0) 1 : 0.000010 0.000010 0.999960 0.000010 0.000010
18 18 (0) 1 : 0.000010 0.000010 0.999960 0.000010 0.000010
19 19 (0) 2 : 0.999957 0.000010 0.000013 0.000010 0.000010
20 20 (0) 2 : 0.999960 0.000010 0.000010 0.000010 0.000010
21 21 (0) 2 : 0.999960 0.000010 0.000010 0.000010 0.000010
22 22 (0) 2 : 0.130428 0.000010 0.000010 0.506641 0.362912
23 23 (0) 2 : 0.000010 0.096268 0.000010 0.803497 0.100215
24 24 (0) 2 : 0.999960 0.000010 0.000010 0.000010 0.000010
25 25 (0) 2 : 0.999960 0.000010 0.000010 0.000010 0.000010
26 26 (0) 2 : 0.856231 0.000010 0.000012 0.000010 0.143737
27 27 (0) 2 : 0.000010 0.000010 0.000010 0.000010 0.999960
28 28 (0) 2 : 0.999960 0.000010 0.000010 0.000010 0.000010
29 29 (0) 2 : 0.494416 0.000010 0.000010 0.000010 0.505554
30 30 (0) 2 : 0.000010 0.000011 0.000010 0.000010 0.999959
31 31 (0) 2 : 0.000010 0.000010 0.000010 0.000010 0.999960
32 32 (0) 2 : 0.242451 0.000010 0.000010 0.000010 0.757519
33 33 (0) 2 : 0.000010 0.000010 0.000010 0.000010 0.999960
34 34 (0) 2 : 0.103039 0.000010 0.000010 0.000010 0.896931
35 35 (0) 2 : 0.628082 0.000010 0.000010 0.000010 0.371888
36 36 (0) 2 : 0.318454 0.000010 0.000010 0.000010 0.681516
37 37 (0) 2 : 0.000010 0.000014 0.000010 0.999956 0.000010
38 38 (0) 1 : 0.000010 0.213956 0.194449 0.591575 0.000010
39 39 (0) 1 : 0.000010 0.000010 0.000010 0.999960 0.000010
40 40 (0) 1 : 0.000010 0.000010 0.126860 0.873110 0.000010
41 41 (0) 1 : 0.000010 0.361095 0.066281 0.567543 0.005072
42 42 (0) 1 : 0.018461 0.256469 0.000010 0.725050 0.000010
43 43 (0) 1 : 0.000010 0.000010 0.000010 0.999960 0.000010
44 44 (0) 1 : 0.000010 0.290693 0.347564 0.361722 0.000010
1 1 (0) 1 : 0.999960 0.000010 0.000010 0.000010 0.000010
2 2 (0) 1 : 0.000010 0.999960 0.000010 0.000010 0.000010
3 3 (0) 1 : 0.104613 0.661381 0.012717 0.000010 0.221279
4 4 (0) 1 : 0.139864 0.168751 0.000010 0.030608 0.660767
5 5 (0) 1 : 0.000010 0.876887 0.000010 0.000010 0.123083
6 6 (0) 1 : 0.000010 0.999960 0.000010 0.000010 0.000010
7 7 (0) 1 : 0.000010 0.911838 0.000010 0.000010 0.088132
8 8 (0) 1 : 0.145925 0.725818 0.005113 0.010567 0.112578
9 9 (0) 1 : 0.351398 0.000010 0.000010 0.000010 0.648572
10 10 (0) 2 : 0.430693 0.000010 0.000010 0.000010 0.569277
11 11 (0) 1 : 0.207581 0.413835 0.141642 0.049102 0.187841
12 12 (0) 1 : 0.000010 0.999957 0.000010 0.000013 0.000010
13 13 (0) 2 : 0.263072 0.183427 0.061972 0.000010 0.491520
14 14 (0) 1 : 0.000010 0.000016 0.000010 0.000010 0.999954
15 15 (0) 1 : 0.000010 0.799805 0.000010 0.000010 0.200165
16 16 (0) 1 : 0.538510 0.000010 0.461460 0.000010 0.000010
17 17 (0) 1 : 0.000010 0.000010 0.000010 0.000010 0.999960
18 18 (0) 1 : 0.000010 0.000010 0.000010 0.000010 0.999960
19 19 (0) 2 : 0.000010 0.000010 0.000010 0.999960 0.000010
20 20 (0) 2 : 0.000010 0.000010 0.000010 0.999960 0.000010
21 21 (0) 2 : 0.000010 0.000010 0.000010 0.999960 0.000010
22 22 (0) 2 : 0.506641 0.000010 0.362911 0.130428 0.000010
23 23 (0) 2 : 0.803499 0.096265 0.100216 0.000010 0.000010
24 24 (0) 2 : 0.000010 0.000010 0.000010 0.999960 0.000010
25 25 (0) 2 : 0.000010 0.000010 0.000010 0.999960 0.000010
26 26 (0) 2 : 0.000010 0.000010 0.143738 0.856232 0.000010
27 27 (0) 2 : 0.000010 0.000010 0.999960 0.000010 0.000010
28 28 (0) 2 : 0.000010 0.000010 0.000010 0.999960 0.000010
29 29 (0) 2 : 0.000010 0.000010 0.505552 0.494418 0.000010
30 30 (0) 2 : 0.000010 0.000010 0.999960 0.000010 0.000010
31 31 (0) 2 : 0.000010 0.000010 0.999960 0.000010 0.000010
32 32 (0) 2 : 0.000010 0.000010 0.757519 0.242451 0.000010
33 33 (0) 2 : 0.000010 0.000010 0.999960 0.000010 0.000010
34 34 (0) 2 : 0.000020 0.000010 0.896916 0.103044 0.000010
35 35 (0) 2 : 0.000010 0.000010 0.371887 0.628083 0.000010
36 36 (0) 2 : 0.000010 0.000010 0.681514 0.318456 0.000010
37 37 (0) 2 : 0.999960 0.000010 0.000010 0.000010 0.000010
38 38 (0) 1 : 0.591577 0.213956 0.000010 0.000010 0.194447
39 39 (0) 1 : 0.999958 0.000010 0.000012 0.000010 0.000010
40 40 (0) 1 : 0.873110 0.000010 0.000010 0.000010 0.126860
41 41 (0) 1 : 0.567546 0.361094 0.005073 0.000010 0.066278
42 42 (0) 1 : 0.725053 0.256465 0.000010 0.018462 0.000010
43 43 (0) 1 : 0.999960 0.000010 0.000010 0.000010 0.000010
44 44 (0) 1 : 0.361724 0.290696 0.000010 0.000010 0.347560
1 1 (0) 1 : 0.000010 0.999960 0.000010 0.000010 0.000010
2 2 (0) 1 : 0.999960 0.000010 0.000010 0.000010 0.000010
3 3 (0) 1 : 0.661376 0.104614 0.221284 0.000010 0.012716
4 4 (0) 1 : 0.168749 0.139864 0.660769 0.030608 0.000010
5 5 (0) 1 : 0.876873 0.000018 0.123088 0.000010 0.000010
6 6 (0) 1 : 0.999960 0.000010 0.000010 0.000010 0.000010
7 7 (0) 1 : 0.911823 0.000010 0.088145 0.000012 0.000010
8 8 (0) 1 : 0.725814 0.145925 0.112582 0.010567 0.005112
9 9 (0) 1 : 0.000010 0.351398 0.648572 0.000010 0.000010
10 10 (0) 2 : 0.000010 0.430690 0.569276 0.000013 0.000010
11 11 (0) 1 : 0.413832 0.207580 0.187844 0.049101 0.141642
12 12 (0) 1 : 0.999956 0.000014 0.000010 0.000010 0.000010
13 13 (0) 2 : 0.183425 0.263071 0.491522 0.000010 0.061972
14 14 (0) 1 : 0.000010 0.000010 0.999960 0.000010 0.000010
15 15 (0) 1 : 0.799796 0.000010 0.200174 0.000010 0.000010
16 16 (0) 1 : 0.000010 0.538509 0.000010 0.000010 0.461461
17 17 (0) 1 : 0.000010 0.000010 0.999960 0.000010 0.000010
18 18 (0) 1 : 0.000010 0.000010 0.999960 0.000010 0.000010
19 19 (0) 2 : 0.000010 0.000010 0.000010 0.999960 0.000010
20 20 (0) 2 : 0.000010 0.000010 0.000010 0.999960 0.000010
21 21 (0) 2 : 0.000010 0.000010 0.000010 0.999960 0.000010
22 22 (0) 2 : 0.000010 0.506641 0.000010 0.130427 0.362912
23 23 (0) 2 : 0.096268 0.803496 0.000010 0.000010 0.100215
24 24 (0) 2 : 0.000016 0.000011 0.000010 0.999953 0.000010
25 25 (0) 2 : 0.000010 0.000010 0.000010 0.999960 0.000010
26 26 (0) 2 : 0.000010 0.000010 0.000010 0.856232 0.143738
27 27 (0) 2 : 0.000010 0.000010 0.000010 0.000010 0.999960
28 28 (0) 2 : 0.000010 0.000010 0.000010 0.999960 0.000010
29 29 (0) 2 : 0.000010 0.000010 0.000010 0.494415 0.505555
30 30 (0) 2 : 0.000010 0.000010 0.000010 0.000010 0.999960
31 31 (0) 2 : 0.000010 0.000010 0.000010 0.000010 0.999960
32 32 (0) 2 : 0.000010 0.000010 0.000010 0.242449 0.757521
33 33 (0) 2 : 0.000010 0.000010 0.000010 0.000010 0.999960
34 34 (0) 2 : 0.000020 0.000010 0.000010 0.103038 0.896923
35 35 (0) 2 : 0.000010 0.000010 0.000010 0.628082 0.371888
36 36 (0) 2 : 0.000010 0.000010 0.000010 0.318453 0.681517
37 37 (0) 2 : 0.000010 0.999960 0.000010 0.000010 0.000010
38 38 (0) 1 : 0.213956 0.591576 0.194448 0.000010 0.000010
39 39 (0) 1 : 0.000010 0.999960 0.000010 0.000010 0.000010
40 40 (0) 1 : 0.000010 0.873110 0.126860 0.000010 0.000010
41 41 (0) 1 : 0.361095 0.567544 0.066280 0.000010 0.005072
42 42 (0) 1 : 0.256468 0.725051 0.000010 0.018461 0.000010
43 43 (0) 1 : 0.000010 0.999960 0.000010 0.000010 0.000010
44 44 (0) 1 : 0.290694 0.361723 0.347563 0.000010 0.000010
