1 1 (0) 1 : 0.000010 0.000010 0.000010 0.999970
2 2 (0) 1 : 0.000010 0.999970 0.000010 0.000010
3 3 (0) 1 : 0.222584 0.661114 0.008677 0.107624
4 4 (0) 1 : 0.660799 0.173094 0.024482 0.141625
5 5 (0) 1 : 0.124728 0.875252 0.000010 0.000010
6 6 (0) 1 : 0.000010 0.999970 0.000010 0.000010
7 7 (0) 1 : 0.089209 0.910771 0.000010 0.000010
8 8 (0) 1 : 0.113377 0.725416 0.013788 0.147419
9 9 (0) 1 : 0.647373 0.000010 0.000010 0.352607
10 10 (0) 2 : 0.569296 0.000010 0.000010 0.430684
11 11 (0) 1 : 0.188487 0.419873 0.178057 0.213583
12 12 (0) 1 : 0.000010 0.999970 0.000010 0.000010
13 13 (0) 2 : 0.495194 0.193763 0.042030 0.269014
14 14 (0) 1 : 0.999970 0.000010 0.000010 0.000010
15 15 (0) 1 : 0.200696 0.799284 0.000010 0.000010
16 16 (0) 1 : 0.000010 0.000010 0.430036 0.569944
17 17 (0) 1 : 0.999970 0.000010 0.000010 0.000010
18 18 (0) 1 : 0.999970 0.000010 0.000010 0.000010
19 19 (0) 2 : 0.000010 0.000010 0.999970 0.000010
20 20 (0) 2 : 0.000010 0.000018 0.999962 0.000010
21 21 (0) 2 : 0.000010 0.000010 0.999970 0.000010
22 22 (0) 2 : 0.000010 0.000010 0.463993 0.535987
23 23 (0) 2 : 0.000010 0.105568 0.081011 0.813412
24 24 (0) 2 : 0.000010 0.000010 0.999970 0.000010
25 25 (0) 2 : 0.000010 0.000010 0.999970 0.000010
26 26 (0) 2 : 0.000010 0.000010 0.999970 0.000010
27 27 (0) 2 : 0.000010 0.000010 0.988856 0.011124
28 28 (0) 2 : 0.000010 0.000010 0.999970 0.000010
29 29 (0) 2 : 0.000010 0.000010 0.990083 0.009897
30 30 (0) 2 : 0.000010 0.056539 0.857639 0.085811
31 31 (0) 2 : 0.000010 0.001563 0.915915 0.082512
32 32 (0) 2 : 0.005090 0.073357 0.921543 0.000010
33 33 (0) 2 : 0.000010 0.000010 0.999970 0.000010
34 34 (0) 2 : 0.000010 0.000010 0.999970 0.000010
35 35 (0) 2 : 0.000010 0.000010 0.999970 0.000010
36 36 (0) 2 : 0.000010 0.037979 0.962001 0.000010
37 37 (0) 2 : 0.000010 0.000010 0.000010 0.999970
38 38 (0) 1 : 0.195842 0.213530 0.000010 0.590618
39 39 (0) 1 : 0.000010 0.000010 0.000010 0.999970
40 40 (0) 1 : 0.126585 0.000010 0.000010 0.873395
41 41 (0) 1 : 0.065732 0.362314 0.000010 0.571944
42 42 (0) 1 : 0.000010 0.265122 0.002688 0.732180
43 43 (0) 1 : 0.000010 0.000010 0.000010 0.999970
44 44 (0) 1 : 0.348490 0.289889 0.000010 0.361611
1 1 (0) 1 : 0.000010 0.000010 0.999970 0.000010
2 2 (0) 1 : 0.000011 0.999969 0.000010 0.000010
3 3 (0) 1 : 0.222588 0.661108 0.107626 0.008678
4 4 (0) 1 : 0.660800 0.173092 0.141626 0.024482
5 5 (0) 1 : 0.124735 0.875245 0.000010 0.000010
6 6 (0) 1 : 0.000016 0.999964 0.000010 0.000010
7 7 (0) 1 : 0.089212 0.910768 0.000010 0.000010
8 8 (0) 1 : 0.113381 0.725411 0.147420 0.013789
9 9 (0) 1 : 0.647373 0.000010 0.352607 0.000010
10 10 (0) 2 : 0.569297 0.000010 0.430683 0.000010
11 11 (0) 1 : 0.188490 0.419869 0.213583 0.178057
12 12 (0) 1 : 0.000010 0.999970 0.000010 0.000010
13 13 (0) 2 : 0.495196 0.193761 0.269014 0.042030
14 14 (0) 1 : 0.999970 0.000010 0.000010 0.000010
15 15 (0) 1 : 0.200700 0.799280 0.000010 0.000010
16 16 (0) 1 : 0.000010 0.000010 0.569946 0.430034
17 17 (0) 1 : 0.999970 0.000010 0.000010 0.000010
18 18 (0) 1 : 0.999970 0.000010 0.000010 0.000010
19 19 (0) 2 : 0.000010 0.000010 0.000010 0.999970
20 20 (0) 2 : 0.000010 0.000010 0.000010 0.999970
21 21 (0) 2 : 0.000010 0.000010 0.000010 0.999970
22 22 (0) 2 : 0.000010 0.000010 0.535988 0.463992
23 23 (0) 2 : 0.000010 0.105566 0.813414 0.081010
24 24 (0) 2 : 0.000010 0.000010 0.000010 0.999970
25 25 (0) 2 : 0.000010 0.000014 0.000010 0.999966
26 26 (0) 2 : 0.000010 0.000015 0.000010 0.999965
27 27 (0) 2 : 0.000010 0.000010 0.011133 0.988847
28 28 (0) 2 : 0.000010 0.000010 0.000010 0.999970
29 29 (0) 2 : 0.000010 0.000010 0.009899 0.990081
30 30 (0) 2 : 0.000010 0.056540 0.085813 0.857636
31 31 (0) 2 : 0.000010 0.001565 0.082513 0.915912
32 32 (0) 2 : 0.005092 0.073357 0.000010 0.921541
33 33 (0) 2 : 0.000010 0.000010 0.000010 0.999970
34 34 (0) 2 : 0.000010 0.000010 0.000010 0.999970
35 35 (0) 2 : 0.000010 0.000010 0.000010 0.999970
36 36 (0) 2 : 0.000010 0.037978 0.000010 0.962002
37 37 (0) 2 : 0.000010 0.000010 0.999970 0.000010
38 38 (0) 1 : 0.195843 0.213527 0.590620 0.000010
39 39 (0) 1 : 0.000010 0.000010 0.999970 0.000010
40 40 (0) 1 : 0.126583 0.000010 0.873397 0.000010
41 41 (0) 1 : 0.065733 0.362311 0.571946 0.000010
42 42 (0) 1 : 0.000010 0.265120 0.732182 0.002688
43 43 (0) 1 : 0.000010 0.000010 0.999970 0.000010
44 44 (0) 1 : 0.348491 0.289886 0.361613 0.000010
