1.0000	1.0000	0.7450	1.0000	0.7450	0.7450	0.5096	0.7450	1.0000	0.5096
1.0000	1.0000	0.7450	1.0000	0.7450	0.7450	0.5096	0.7450	1.0000	0.5096
0.7450	0.7450	1.0000	0.7450	1.0000	1.0000	0.5109	1.0000	0.7450	0.5109
1.0000	1.0000	0.7450	1.0000	0.7450	0.7450	0.5096	0.7450	1.0000	0.5096
0.7450	0.7450	1.0000	0.7450	1.0000	1.0000	0.5109	1.0000	0.7450	0.5109
0.7450	0.7450	1.0000	0.7450	1.0000	1.0000	0.5109	1.0000	0.7450	0.5109
0.5096	0.5096	0.5109	0.5096	0.5109	0.5109	1.0000	0.5109	0.5096	1.0000
0.7450	0.7450	1.0000	0.7450	1.0000	1.0000	0.5109	1.0000	0.7450	0.5109
1.0000	1.0000	0.7450	1.0000	0.7450	0.7450	0.5096	0.7450	1.0000	0.5096
0.5096	0.5096	0.5109	0.5096	0.5109	0.5109	1.0000	0.5109	0.5096	1.0000
