-------------------------------------------------------------------------------
 L       Percentage of nodes in the largest component
 D       Percentage of nodes in components of size at most 3 [-div option]
 R       Percentage of nodes not in L or D: 100 - L -D
 S       Percentage of nodes that are singletons
 E       Fraction of edges retained (input graph has 90)
 cce     Expected size of component, nodewise [ sum(sz^2) / sum^2(sz) ]
 EW      Edge weight traits (mean, median and IQR)
 ND      Node degree traits [mean, median and IQR]
 CCF     Clustering coefficient (scale 1-100)
 eff     Induced component efficiency relative to start graph (scale 1-1000)
Total number of nodes: 10
----------------------------------------------------------------------------------------------
  L   D   R   S     E     cce  EWmean   EWmed   EWiqr  NDmean   NDmed  NDiqr CCF  eff  Cutoff 
----------------------------------------------------------------------------------------------
100   0   0   0 1.000      10    0.74    0.75    0.49     9.0     9.5    0.5   -    -     0.50
100   0   0   0 0.822      10    0.78    0.75    0.25     7.4     7.5    2.5   -    -     0.51
 80  20   0   0 0.644       7    0.86    0.75    0.25     5.8     7.5    0.5   -    -     0.52
 80  20   0   0 0.644       7    0.86    0.75    0.25     5.8     7.5    0.5   -    -     0.53
 80  20   0   0 0.644       7    0.86    0.75    0.25     5.8     7.5    0.5   -    -     0.54
 80  20   0   0 0.644       7    0.86    0.75    0.25     5.8     7.5    0.5   -    -     0.55
 80  20   0   0 0.644       7    0.86    0.75    0.25     5.8     7.5    0.5   -    -     0.56
 80  20   0   0 0.644       7    0.86    0.75    0.25     5.8     7.5    0.5   -    -     0.57
 80  20   0   0 0.644       7    0.86    0.75    0.25     5.8     7.5    0.5   -    -     0.58
 80  20   0   0 0.644       7    0.86    0.75    0.25     5.8     7.5    0.5   -    -     0.59
 80  20   0   0 0.644       7    0.86    0.75    0.25     5.8     7.5    0.5   -    -     0.60
 80  20   0   0 0.644       7    0.86    0.75    0.25     5.8     7.5    0.5   -    -     0.61
 80  20   0   0 0.644       7    0.86    0.75    0.25     5.8     7.5    0.5   -    -     0.62
 80  20   0   0 0.644       7    0.86    0.75    0.25     5.8     7.5    0.5   -    -     0.63
 80  20   0   0 0.644       7    0.86    0.75    0.25     5.8     7.5    0.5   -    -     0.64
 80  20   0   0 0.644       7    0.86    0.75    0.25     5.8     7.5    0.5   -    -     0.65
 80  20   0   0 0.644       7    0.86    0.75    0.25     5.8     7.5    0.5   -    -     0.66
 80  20   0   0 0.644       7    0.86    0.75    0.25     5.8     7.5    0.5   -    -     0.67
 80  20   0   0 0.644       7    0.86    0.75    0.25     5.8     7.5    0.5   -    -     0.68
 80  20   0   0 0.644       7    0.86    0.75    0.25     5.8     7.5    0.5   -    -     0.69
 80  20   0   0 0.644       7    0.86    0.75    0.25     5.8     7.5    0.5   -    -     0.70
 80  20   0   0 0.644       7    0.86    0.75    0.25     5.8     7.5    0.5   -    -     0.71
 80  20   0   0 0.644       7    0.86    0.75    0.25     5.8     7.5    0.5   -    -     0.72
 80  20   0   0 0.644       7    0.86    0.75    0.25     5.8     7.5    0.5   -    -     0.73
 80  20   0   0 0.644       7    0.86    0.75    0.25     5.8     7.5    0.5   -    -     0.74
 40  20  40   0 0.289       4    1.00    1.00    0.00     2.6     3.5    0.5   -    -     0.75
 40  20  40   0 0.289       4    1.00    1.00    0.00     2.6     3.5    0.5   -    -     0.76
 40  20  40   0 0.289       4    1.00    1.00    0.00     2.6     3.5    0.5   -    -     0.77
 40  20  40   0 0.289       4    1.00    1.00    0.00     2.6     3.5    0.5   -    -     0.78
 40  20  40   0 0.289       4    1.00    1.00    0.00     2.6     3.5    0.5   -    -     0.79
 40  20  40   0 0.289       4    1.00    1.00    0.00     2.6     3.5    0.5   -    -     0.80
 40  20  40   0 0.289       4    1.00    1.00    0.00     2.6     3.5    0.5   -    -     0.81
 40  20  40   0 0.289       4    1.00    1.00    0.00     2.6     3.5    0.5   -    -     0.82
 40  20  40   0 0.289       4    1.00    1.00    0.00     2.6     3.5    0.5   -    -     0.83
 40  20  40   0 0.289       4    1.00    1.00    0.00     2.6     3.5    0.5   -    -     0.84
 40  20  40   0 0.289       4    1.00    1.00    0.00     2.6     3.5    0.5   -    -     0.85
 40  20  40   0 0.289       4    1.00    1.00    0.00     2.6     3.5    0.5   -    -     0.86
 40  20  40   0 0.289       4    1.00    1.00    0.00     2.6     3.5    0.5   -    -     0.87
 40  20  40   0 0.289       4    1.00    1.00    0.00     2.6     3.5    0.5   -    -     0.88
 40  20  40   0 0.289       4    1.00    1.00    0.00     2.6     3.5    0.5   -    -     0.89
 40  20  40   0 0.289       4    1.00    1.00    0.00     2.6     3.5    0.5   -    -     0.90
 40  20  40   0 0.289       4    1.00    1.00    0.00     2.6     3.5    0.5   -    -     0.91
 40  20  40   0 0.289       4    1.00    1.00    0.00     2.6     3.5    0.5   -    -     0.92
 40  20  40   0 0.289       4    1.00    1.00    0.00     2.6     3.5    0.5   -    -     0.93
 40  20  40   0 0.289       4    1.00    1.00    0.00     2.6     3.5    0.5   -    -     0.94
 40  20  40   0 0.289       4    1.00    1.00    0.00     2.6     3.5    0.5   -    -     0.95
 40  20  40   0 0.289       4    1.00    1.00    0.00     2.6     3.5    0.5   -    -     0.96
 40  20  40   0 0.289       4    1.00    1.00    0.00     2.6     3.5    0.5   -    -     0.97
 40  20  40   0 0.289       4    1.00    1.00    0.00     2.6     3.5    0.5   -    -     0.98
 40  20  40   0 0.289       4    1.00    1.00    0.00     2.6     3.5    0.5   -    -     0.99
---------------------------------------------------------------------------------------------
