1 1 (0) 1 : 0.999968 0.000012 0.000010 0.000010
2 2 (0) 1 : 0.000010 0.841741 0.000010 0.158239
3 3 (0) 1 : 0.093235 0.810397 0.000010 0.096358
4 4 (0) 1 : 0.212818 0.758858 0.028315 0.000010
5 5 (0) 1 : 0.000010 0.893673 0.008162 0.098155
6 6 (0) 1 : 0.000010 0.838631 0.000010 0.161349
7 7 (0) 1 : 0.000010 0.952212 0.021369 0.026408
8 8 (0) 1 : 0.133200 0.733006 0.005839 0.127954
9 9 (0) 1 : 0.511190 0.488790 0.000010 0.000010
10 10 (0) 2 : 0.539059 0.460921 0.000010 0.000010
11 11 (0) 1 : 0.211332 0.556113 0.054458 0.178097
12 12 (0) 1 : 0.000010 0.813198 0.013679 0.173113
13 13 (0) 2 : 0.329954 0.603258 0.000010 0.066778
14 14 (0) 1 : 0.000010 0.999970 0.000010 0.000010
15 15 (0) 1 : 0.000010 0.978045 0.000010 0.021935
16 16 (0) 1 : 0.541742 0.000010 0.000010 0.458238
17 17 (0) 1 : 0.034853 0.965127 0.000010 0.000010
18 18 (0) 1 : 0.220645 0.779335 0.000010 0.000010
19 19 (0) 2 : 0.000010 0.000010 0.999970 0.000010
20 20 (0) 2 : 0.000010 0.000010 0.999970 0.000010
21 21 (0) 2 : 0.000010 0.000010 0.999970 0.000010
22 22 (0) 2 : 0.506890 0.000010 0.128857 0.364243
23 23 (0) 2 : 0.823717 0.049094 0.000010 0.127179
24 24 (0) 2 : 0.000010 0.000010 0.999970 0.000010
25 25 (0) 2 : 0.000010 0.000010 0.999970 0.000010
26 26 (0) 2 : 0.000010 0.000010 0.862673 0.137307
27 27 (0) 2 : 0.000010 0.000010 0.000010 0.999970
28 28 (0) 2 : 0.000010 0.000010 0.999970 0.000010
29 29 (0) 2 : 0.000010 0.000010 0.495199 0.504781
30 30 (0) 2 : 0.000010 0.000010 0.000010 0.999970
31 31 (0) 2 : 0.000010 0.000010 0.000010 0.999970
32 32 (0) 2 : 0.000010 0.000010 0.251226 0.748754
33 33 (0) 2 : 0.000010 0.000010 0.000010 0.999970
34 34 (0) 2 : 0.000010 0.000010 0.100818 0.899162
35 35 (0) 2 : 0.000010 0.000010 0.626177 0.373803
36 36 (0) 2 : 0.000010 0.000010 0.320037 0.679943
37 37 (0) 2 : 0.999970 0.000010 0.000010 0.000010
38 38 (0) 1 : 0.610306 0.389674 0.000010 0.000010
39 39 (0) 1 : 0.999970 0.000010 0.000010 0.000010
40 40 (0) 1 : 0.900820 0.099160 0.000010 0.000010
41 41 (0) 1 : 0.571909 0.368450 0.000010 0.059631
42 42 (0) 1 : 0.764705 0.137300 0.073311 0.024684
43 43 (0) 1 : 0.999970 0.000010 0.000010 0.000010
44 44 (0) 1 : 0.393788 0.601357 0.004845 0.000010
1 1 (0) 1 : 0.000010 0.000010 0.999970 0.000010
2 2 (0) 1 : 0.841744 0.000010 0.000010 0.158236
3 3 (0) 1 : 0.810395 0.000010 0.093237 0.096357
4 4 (0) 1 : 0.758855 0.028314 0.212820 0.000010
5 5 (0) 1 : 0.893674 0.008165 0.000010 0.098152
6 6 (0) 1 : 0.838633 0.000010 0.000010 0.161347
7 7 (0) 1 : 0.952217 0.021373 0.000010 0.026400
8 8 (0) 1 : 0.733005 0.005840 0.133203 0.127952
9 9 (0) 1 : 0.488789 0.000010 0.511191 0.000010
10 10 (0) 2 : 0.460919 0.000010 0.539061 0.000010
11 11 (0) 1 : 0.556112 0.054458 0.211334 0.178096
12 12 (0) 1 : 0.813200 0.013680 0.000010 0.173110
13 13 (0) 2 : 0.603258 0.000010 0.329955 0.066777
14 14 (0) 1 : 0.999970 0.000010 0.000010 0.000010
15 15 (0) 1 : 0.978051 0.000010 0.000010 0.021929
16 16 (0) 1 : 0.000010 0.000010 0.541741 0.458239
17 17 (0) 1 : 0.965126 0.000010 0.034854 0.000010
18 18 (0) 1 : 0.779335 0.000010 0.220645 0.000010
19 19 (0) 2 : 0.000010 0.999970 0.000010 0.000010
20 20 (0) 2 : 0.000010 0.999970 0.000010 0.000010
21 21 (0) 2 : 0.000010 0.999970 0.000010 0.000010
22 22 (0) 2 : 0.000010 0.128856 0.506891 0.364243
23 23 (0) 2 : 0.049082 0.000010 0.823727 0.127181
24 24 (0) 2 : 0.000010 0.999970 0.000010 0.000010
25 25 (0) 2 : 0.000010 0.999970 0.000010 0.000010
26 26 (0) 2 : 0.000010 0.862672 0.000010 0.137308
27 27 (0) 2 : 0.000010 0.000010 0.000010 0.999970
28 28 (0) 2 : 0.000010 0.999970 0.000010 0.000010
29 29 (0) 2 : 0.000010 0.495197 0.000010 0.504783
30 30 (0) 2 : 0.000010 0.000010 0.000010 0.999970
31 31 (0) 2 : 0.000010 0.000010 0.000010 0.999970
32 32 (0) 2 : 0.000018 0.251223 0.000010 0.748749
33 33 (0) 2 : 0.000010 0.000010 0.000010 0.999970
34 34 (0) 2 : 0.000010 0.100814 0.000010 0.899166
35 35 (0) 2 : 0.000010 0.626176 0.000010 0.373804
36 36 (0) 2 : 0.000010 0.320036 0.000010 0.679944
37 37 (0) 2 : 0.000010 0.000010 0.999970 0.000010
38 38 (0) 1 : 0.389665 0.000010 0.610315 0.000010
39 39 (0) 1 : 0.000010 0.000010 0.999970 0.000010
40 40 (0) 1 : 0.099144 0.000010 0.900836 0.000010
41 41 (0) 1 : 0.368444 0.000010 0.571915 0.059630
42 42 (0) 1 : 0.137291 0.073312 0.764714 0.024683
43 43 (0) 1 : 0.000010 0.000010 0.999970 0.000010
44 44 (0) 1 : 0.601350 0.004845 0.393795 0.000010
1 1 (0) 1 : 0.000010 0.000010 0.000010 0.999970
2 2 (0) 1 : 0.000010 0.999970 0.000010 0.000010
3 3 (0) 1 : 0.000010 0.733483 0.012904 0.253603
4 4 (0) 1 : 0.035974 0.337596 0.000010 0.626420
5 5 (0) 1 : 0.000010 0.999970 0.000010 0.000010
6 6 (0) 1 : 0.000010 0.999970 0.000010 0.000010
7 7 (0) 1 : 0.000010 0.999970 0.000010 0.000010
8 8 (0) 1 : 0.008160 0.778858 0.010913 0.202069
9 9 (0) 1 : 0.000010 0.000010 0.000010 0.999970
10 10 (0) 2 : 0.000010 0.000010 0.000010 0.999970
11 11 (0) 1 : 0.047665 0.466835 0.142500 0.343000
12 12 (0) 1 : 0.000010 0.999966 0.000014 0.000010
13 13 (0) 2 : 0.000010 0.237008 0.065485 0.697496
14 14 (0) 1 : 0.000010 0.174671 0.000010 0.825309
15 15 (0) 1 : 0.000010 0.863003 0.000010 0.136977
16 16 (0) 1 : 0.005984 0.000010 0.473457 0.520549
17 17 (0) 1 : 0.014626 0.231268 0.003101 0.751004
18 18 (0) 1 : 0.000010 0.000010 0.000010 0.999970
19 19 (0) 2 : 0.999970 0.000010 0.000010 0.000010
20 20 (0) 2 : 0.999970 0.000010 0.000010 0.000010
21 21 (0) 2 : 0.999970 0.000010 0.000010 0.000010
22 22 (0) 2 : 0.133899 0.008578 0.373393 0.484130
23 23 (0) 2 : 0.000010 0.122211 0.106956 0.770823
24 24 (0) 2 : 0.999970 0.000010 0.000010 0.000010
25 25 (0) 2 : 0.999970 0.000010 0.000010 0.000010
26 26 (0) 2 : 0.857312 0.000010 0.142668 0.000010
27 27 (0) 2 : 0.000010 0.000010 0.999970 0.000010
28 28 (0) 2 : 0.999970 0.000010 0.000010 0.000010
29 29 (0) 2 : 0.495257 0.000010 0.504723 0.000010
30 30 (0) 2 : 0.000010 0.000010 0.999970 0.000010
31 31 (0) 2 : 0.000010 0.000010 0.999970 0.000010
32 32 (0) 2 : 0.243984 0.000010 0.755996 0.000010
33 33 (0) 2 : 0.000011 0.000010 0.999969 0.000010
34 34 (0) 2 : 0.104591 0.000010 0.895389 0.000010
35 35 (0) 2 : 0.627931 0.000010 0.372049 0.000010
36 36 (0) 2 : 0.319422 0.000010 0.680558 0.000010
37 37 (0) 2 : 0.000010 0.000010 0.000010 0.999970
38 38 (0) 1 : 0.000010 0.297444 0.000010 0.702536
39 39 (0) 1 : 0.000017 0.000010 0.000010 0.999963
40 40 (0) 1 : 0.000010 0.055915 0.000010 0.944065
41 41 (0) 1 : 0.000010 0.444904 0.016206 0.538880
42 42 (0) 1 : 0.060706 0.363800 0.000010 0.575484
43 43 (0) 1 : 0.023176 0.127284 0.000010 0.849530
44 44 (0) 1 : 0.000010 0.383698 0.000010 0.616282
1 1 (0) 1 : 0.000010 0.999970 0.000010 0.000010
2 2 (0) 1 : 0.841720 0.000010 0.000010 0.158260
3 3 (0) 1 : 0.810383 0.093234 0.000010 0.096373
4 4 (0) 1 : 0.758867 0.212803 0.028320 0.000010
5 5 (0) 1 : 0.893652 0.000010 0.008165 0.098173
6 6 (0) 1 : 0.838610 0.000010 0.000010 0.161370
7 7 (0) 1 : 0.952186 0.000010 0.021366 0.026438
8 8 (0) 1 : 0.732992 0.133201 0.005841 0.127966
9 9 (0) 1 : 0.488800 0.511180 0.000010 0.000010
10 10 (0) 2 : 0.460929 0.539051 0.000010 0.000010
11 11 (0) 1 : 0.556105 0.211331 0.054458 0.178106
12 12 (0) 1 : 0.813179 0.000010 0.013677 0.173134
13 13 (0) 2 : 0.603260 0.329947 0.000010 0.066783
14 14 (0) 1 : 0.999970 0.000010 0.000010 0.000010
15 15 (0) 1 : 0.978017 0.000010 0.000010 0.021963
16 16 (0) 1 : 0.000010 0.541742 0.000010 0.458238
17 17 (0) 1 : 0.965156 0.034824 0.000010 0.000010
18 18 (0) 1 : 0.779350 0.220630 0.000010 0.000010
19 19 (0) 2 : 0.000010 0.000010 0.999970 0.000010
20 20 (0) 2 : 0.000010 0.000010 0.999970 0.000010
21 21 (0) 2 : 0.000010 0.000010 0.999970 0.000010
22 22 (0) 2 : 0.000010 0.506892 0.128856 0.364242
23 23 (0) 2 : 0.049082 0.823727 0.000010 0.127181
24 24 (0) 2 : 0.000010 0.000010 0.999970 0.000010
25 25 (0) 2 : 0.000010 0.000010 0.999970 0.000010
26 26 (0) 2 : 0.000010 0.000010 0.862672 0.137308
27 27 (0) 2 : 0.000010 0.000010 0.000010 0.999970
28 28 (0) 2 : 0.000010 0.000010 0.999970 0.000010
29 29 (0) 2 : 0.000010 0.000010 0.495195 0.504785
30 30 (0) 2 : 0.000010 0.000010 0.000010 0.999970
31 31 (0) 2 : 0.000010 0.000010 0.000010 0.999970
32 32 (0) 2 : 0.000010 0.000010 0.251224 0.748756
33 33 (0) 2 : 0.000010 0.000010 0.000010 0.999970
34 34 (0) 2 : 0.000010 0.000010 0.100810 0.899170
35 35 (0) 2 : 0.000010 0.000010 0.626175 0.373805
36 36 (0) 2 : 0.000010 0.000010 0.320034 0.679946
37 37 (0) 2 : 0.000010 0.999970 0.000010 0.000010
38 38 (0) 1 : 0.389671 0.610309 0.000010 0.000010
39 39 (0) 1 : 0.000010 0.999970 0.000010 0.000010
40 40 (0) 1 : 0.099157 0.900823 0.000010 0.000010
41 41 (0) 1 : 0.368439 0.571914 0.000010 0.059637
42 42 (0) 1 : 0.137284 0.764717 0.073311 0.024687
43 43 (0) 1 : 0.000010 0.999970 0.000010 0.000010
44 44 (0) 1 : 0.601353 0.393787 0.004850 0.000010
1 1 (0) 1 : 0.000010 0.000010 0.000010 0.999970
2 2 (0) 1 : 0.000010 0.999970 0.000010 0.000010
3 3 (0) 1 : 0.012904 0.733484 0.000010 0.253602
4 4 (0) 1 : 0.000010 0.337597 0.035974 0.626419
5 5 (0) 1 : 0.000010 0.999970 0.000010 0.000010
6 6 (0) 1 : 0.000010 0.999970 0.000010 0.000010
7 7 (0) 1 : 0.000010 0.999970 0.000010 0.000010
8 8 (0) 1 : 0.010913 0.778858 0.008160 0.202069
9 9 (0) 1 : 0.000012 0.000010 0.000010 0.999968
10 10 (0) 2 : 0.000010 0.000010 0.000010 0.999970
11 11 (0) 1 : 0.142500 0.466836 0.047665 0.343000
12 12 (0) 1 : 0.000010 0.999970 0.000010 0.000010
13 13 (0) 2 : 0.065485 0.237009 0.000010 0.697496
14 14 (0) 1 : 0.000010 0.174671 0.000010 0.825309
15 15 (0) 1 : 0.000010 0.863004 0.000010 0.136976
16 16 (0) 1 : 0.473457 0.000010 0.005984 0.520550
17 17 (0) 1 : 0.003101 0.231269 0.014626 0.751004
18 18 (0) 1 : 0.000010 0.000010 0.000010 0.999970
19 19 (0) 2 : 0.000010 0.000010 0.999970 0.000010
20 20 (0) 2 : 0.000010 0.000010 0.999970 0.000010
21 21 (0) 2 : 0.000010 0.000010 0.999970 0.000010
22 22 (0) 2 : 0.373393 0.008579 0.133899 0.484130
23 23 (0) 2 : 0.106955 0.122212 0.000010 0.770823
24 24 (0) 2 : 0.000010 0.000010 0.999970 0.000010
25 25 (0) 2 : 0.000010 0.000010 0.999970 0.000010
26 26 (0) 2 : 0.142668 0.000010 0.857312 0.000010
27 27 (0) 2 : 0.999970 0.000010 0.000010 0.000010
28 28 (0) 2 : 0.000010 0.000010 0.999970 0.000010
29 29 (0) 2 : 0.504723 0.000010 0.495257 0.000010
30 30 (0) 2 : 0.999970 0.000010 0.000010 0.000010
31 31 (0) 2 : 0.999970 0.000010 0.000010 0.000010
32 32 (0) 2 : 0.755996 0.000010 0.243984 0.000010
33 33 (0) 2 : 0.999970 0.000010 0.000010 0.000010
34 34 (0) 2 : 0.895388 0.000010 0.104592 0.000010
35 35 (0) 2 : 0.372049 0.000010 0.627931 0.000010
36 36 (0) 2 : 0.680558 0.000010 0.319422 0.000010
37 37 (0) 2 : 0.000010 0.000010 0.000010 0.999970
38 38 (0) 1 : 0.000010 0.297444 0.000010 0.702536
39 39 (0) 1 : 0.000010 0.000010 0.000010 0.999970
40 40 (0) 1 : 0.000010 0.055916 0.000010 0.944064
41 41 (0) 1 : 0.016205 0.444906 0.000010 0.538879
42 42 (0) 1 : 0.000010 0.363801 0.060706 0.575483
43 43 (0) 1 : 0.000010 0.127285 0.023175 0.849530
44 44 (0) 1 : 0.000010 0.383698 0.000010 0.616282
1 1 (0) 1 : 0.999970 0.000010 0.000010 0.000010
2 2 (0) 1 : 0.000010 0.000010 0.000010 0.999970
3 3 (0) 1 : 0.253601 0.000010 0.012903 0.733486
4 4 (0) 1 : 0.626418 0.035974 0.000010 0.337599
5 5 (0) 1 : 0.000010 0.000010 0.000010 0.999970
6 6 (0) 1 : 0.000010 0.000010 0.000010 0.999970
7 7 (0) 1 : 0.000010 0.000010 0.000010 0.999970
8 8 (0) 1 : 0.202068 0.008160 0.010913 0.778859
9 9 (0) 1 : 0.999970 0.000010 0.000010 0.000010
10 10 (0) 2 : 0.999970 0.000010 0.000010 0.000010
11 11 (0) 1 : 0.342999 0.047665 0.142499 0.466837
12 12 (0) 1 : 0.000010 0.000010 0.000010 0.999970
13 13 (0) 2 : 0.697496 0.000010 0.065484 0.237010
14 14 (0) 1 : 0.825308 0.000010 0.000010 0.174672
15 15 (0) 1 : 0.136973 0.000010 0.000010 0.863007
16 16 (0) 1 : 0.520550 0.005984 0.473456 0.000010
17 17 (0) 1 : 0.751002 0.014626 0.003101 0.231271
18 18 (0) 1 : 0.999970 0.000010 0.000010 0.000010
19 19 (0) 2 : 0.000010 0.999970 0.000010 0.000010
20 20 (0) 2 : 0.000010 0.999970 0.000010 0.000010
21 21 (0) 2 : 0.000010 0.999963 0.000017 0.000010
22 22 (0) 2 : 0.484126 0.133899 0.373391 0.008584
23 23 (0) 2 : 0.770820 0.000010 0.106954 0.122216
24 24 (0) 2 : 0.000010 0.999970 0.000010 0.000010
25 25 (0) 2 : 0.000010 0.999970 0.000010 0.000010
26 26 (0) 2 : 0.000010 0.857311 0.142669 0.000010
27 27 (0) 2 : 0.000010 0.000010 0.999970 0.000010
28 28 (0) 2 : 0.000010 0.999970 0.000010 0.000010
29 29 (0) 2 : 0.000010 0.495258 0.504722 0.000010
30 30 (0) 2 : 0.000010 0.000010 0.999970 0.000010
31 31 (0) 2 : 0.000010 0.000010 0.999970 0.000010
32 32 (0) 2 : 0.000010 0.243984 0.755996 0.000010
33 33 (0) 2 : 0.000010 0.000010 0.999970 0.000010
34 34 (0) 2 : 0.000010 0.104593 0.895387 0.000010
35 35 (0) 2 : 0.000010 0.627932 0.372048 0.000010
36 36 (0) 2 : 0.000010 0.319423 0.680557 0.000010
37 37 (0) 2 : 0.999970 0.000010 0.000010 0.000010
38 38 (0) 1 : 0.702533 0.000010 0.000010 0.297447
39 39 (0) 1 : 0.999970 0.000010 0.000010 0.000010
40 40 (0) 1 : 0.944062 0.000010 0.000010 0.055918
41 41 (0) 1 : 0.538877 0.000010 0.016204 0.444908
42 42 (0) 1 : 0.575481 0.060705 0.000010 0.363803
43 43 (0) 1 : 0.849528 0.023175 0.000010 0.127287
44 44 (0) 1 : 0.616279 0.000010 0.000010 0.383701
1 1 (0) 1 : 0.000010 0.000010 0.000010 0.999970
2 2 (0) 1 : 0.000010 0.999970 0.000010 0.000010
3 3 (0) 1 : 0.222584 0.661114 0.008677 0.107624
4 4 (0) 1 : 0.660799 0.173094 0.024482 0.141625
5 5 (0) 1 : 0.124728 0.875252 0.000010 0.000010
6 6 (0) 1 : 0.000010 0.999970 0.000010 0.000010
7 7 (0) 1 : 0.089209 0.910771 0.000010 0.000010
8 8 (0) 1 : 0.113377 0.725416 0.013788 0.147419
9 9 (0) 1 : 0.647373 0.000010 0.000010 0.352607
10 10 (0) 2 : 0.569296 0.000010 0.000010 0.430684
11 11 (0) 1 : 0.188487 0.419873 0.178057 0.213583
12 12 (0) 1 : 0.000010 0.999970 0.000010 0.000010
13 13 (0) 2 : 0.495194 0.193763 0.042030 0.269014
14 14 (0) 1 : 0.999970 0.000010 0.000010 0.000010
15 15 (0) 1 : 0.200696 0.799284 0.000010 0.000010
16 16 (0) 1 : 0.000010 0.000010 0.430036 0.569944
17 17 (0) 1 : 0.999970 0.000010 0.000010 0.000010
18 18 (0) 1 : 0.999970 0.000010 0.000010 0.000010
19 19 (0) 2 : 0.000010 0.000010 0.999970 0.000010
20 20 (0) 2 : 0.000010 0.000018 0.999962 0.000010
21 21 (0) 2 : 0.000010 0.000010 0.999970 0.000010
22 22 (0) 2 : 0.000010 0.000010 0.463993 0.535987
23 23 (0) 2 : 0.000010 0.105568 0.081011 0.813412
24 24 (0) 2 : 0.000010 0.000010 0.999970 0.000010
25 25 (0) 2 : 0.000010 0.000010 0.999970 0.000010
26 26 (0) 2 : 0.000010 0.000010 0.999970 0.000010
27 27 (0) 2 : 0.000010 0.000010 0.988856 0.011124
28 28 (0) 2 : 0.000010 0.000010 0.999970 0.000010
29 29 (0) 2 : 0.000010 0.000010 0.990083 0.009897
30 30 (0) 2 : 0.000010 0.056539 0.857639 0.085811
31 31 (0) 2 : 0.000010 0.001563 0.915915 0.082512
32 32 (0) 2 : 0.005090 0.073357 0.921543 0.000010
33 33 (0) 2 : 0.000010 0.000010 0.999970 0.000010
34 34 (0) 2 : 0.000010 0.000010 0.999970 0.000010
35 35 (0) 2 : 0.000010 0.000010 0.999970 0.000010
36 36 (0) 2 : 0.000010 0.037979 0.962001 0.000010
37 37 (0) 2 : 0.000010 0.000010 0.000010 0.999970
38 38 (0) 1 : 0.195842 0.213530 0.000010 0.590618
39 39 (0) 1 : 0.000010 0.000010 0.000010 0.999970
40 40 (0) 1 : 0.126585 0.000010 0.000010 0.873395
41 41 (0) 1 : 0.065732 0.362314 0.000010 0.571944
42 42 (0) 1 : 0.000010 0.265122 0.002688 0.732180
43 43 (0) 1 : 0.000010 0.000010 0.000010 0.999970
44 44 (0) 1 : 0.348490 0.289889 0.000010 0.361611
1 1 (0) 1 : 0.000010 0.000010 0.000010 0.999970
2 2 (0) 1 : 0.000010 0.999970 0.000010 0.000010
3 3 (0) 1 : 0.012903 0.733486 0.000010 0.253601
4 4 (0) 1 : 0.000010 0.337601 0.035974 0.626415
5 5 (0) 1 : 0.000010 0.999970 0.000010 0.000010
6 6 (0) 1 : 0.000010 0.999970 0.000010 0.000010
7 7 (0) 1 : 0.000010 0.999970 0.000010 0.000010
8 8 (0) 1 : 0.010913 0.778861 0.008159 0.202067
9 9 (0) 1 : 0.000010 0.000010 0.000010 0.999970
10 10 (0) 2 : 0.000010 0.000010 0.000010 0.999970
11 11 (0) 1 : 0.142500 0.466837 0.047664 0.342999
12 12 (0) 1 : 0.000010 0.999970 0.000010 0.000010
13 13 (0) 2 : 0.065485 0.237010 0.000010 0.697496
14 14 (0) 1 : 0.000010 0.174672 0.000010 0.825308
15 15 (0) 1 : 0.000010 0.863002 0.000010 0.136978
16 16 (0) 1 : 0.473458 0.000010 0.005983 0.520549
17 17 (0) 1 : 0.003101 0.231271 0.014626 0.751002
18 18 (0) 1 : 0.000010 0.000010 0.000010 0.999970
19 19 (0) 2 : 0.000010 0.000010 0.999970 0.000010
20 20 (0) 2 : 0.000010 0.000010 0.999970 0.000010
21 21 (0) 2 : 0.000012 0.000010 0.999968 0.000010
22 22 (0) 2 : 0.373391 0.008588 0.133898 0.484122
23 23 (0) 2 : 0.106953 0.122222 0.000010 0.770814
24 24 (0) 2 : 0.000010 0.000010 0.999970 0.000010
25 25 (0) 2 : 0.000010 0.000010 0.999970 0.000010
26 26 (0) 2 : 0.142669 0.000010 0.857311 0.000010
27 27 (0) 2 : 0.999970 0.000010 0.000010 0.000010
28 28 (0) 2 : 0.000010 0.000010 0.999970 0.000010
29 29 (0) 2 : 0.504725 0.000010 0.495255 0.000010
30 30 (0) 2 : 0.999968 0.000012 0.000010 0.000010
31 31 (0) 2 : 0.999970 0.000010 0.000010 0.000010
32 32 (0) 2 : 0.755998 0.000010 0.243982 0.000010
33 33 (0) 2 : 0.999970 0.000010 0.000010 0.000010
34 34 (0) 2 : 0.895393 0.000010 0.104587 0.000010
35 35 (0) 2 : 0.372050 0.000010 0.627930 0.000010
36 36 (0) 2 : 0.680560 0.000010 0.319420 0.000010
37 37 (0) 2 : 0.000010 0.000010 0.000010 0.999970
38 38 (0) 1 : 0.000010 0.297456 0.000010 0.702524
39 39 (0) 1 : 0.000010 0.000010 0.000010 0.999970
40 40 (0) 1 : 0.000010 0.055946 0.000010 0.944034
41 41 (0) 1 : 0.016204 0.444914 0.000010 0.538872
42 42 (0) 1 : 0.000010 0.363812 0.060704 0.575474
43 43 (0) 1 : 0.000010 0.127297 0.023173 0.849520
44 44 (0) 1 : 0.000010 0.383705 0.000010 0.616275
1 1 (0) 1 : 0.000010 0.000010 0.000010 0.999970
2 2 (0) 1 : 0.841743 0.000010 0.158237 0.000010
3 3 (0) 1 : 0.810392 0.000010 0.096357 0.093241
4 4 (0) 1 : 0.758848 0.028315 0.000010 0.212827
5 5 (0) 1 : 0.893673 0.008165 0.098152 0.000010
6 6 (0) 1 : 0.838632 0.000010 0.161348 0.000010
7 7 (0) 1 : 0.952216 0.021371 0.026403 0.000010
8 8 (0) 1 : 0.733003 0.005840 0.127952 0.133205
9 9 (0) 1 : 0.488785 0.000010 0.000010 0.511195
10 10 (0) 2 : 0.460914 0.000010 0.000010 0.539066
11 11 (0) 1 : 0.556109 0.054457 0.178097 0.211337
12 12 (0) 1 : 0.813199 0.013679 0.173111 0.000010
13 13 (0) 2 : 0.603253 0.000010 0.066778 0.329959
14 14 (0) 1 : 0.999970 0.000010 0.000010 0.000010
15 15 (0) 1 : 0.978049 0.000010 0.021931 0.000010
16 16 (0) 1 : 0.000010 0.000010 0.458238 0.541742
17 17 (0) 1 : 0.965117 0.000010 0.000010 0.034863
18 18 (0) 1 : 0.779331 0.000010 0.000010 0.220649
19 19 (0) 2 : 0.000010 0.999970 0.000010 0.000010
20 20 (0) 2 : 0.000010 0.999970 0.000010 0.000010
21 21 (0) 2 : 0.000010 0.999970 0.000010 0.000010
22 22 (0) 2 : 0.000010 0.128856 0.364241 0.506893
23 23 (0) 2 : 0.049072 0.000010 0.127182 0.823736
24 24 (0) 2 : 0.000010 0.999970 0.000010 0.000010
25 25 (0) 2 : 0.000010 0.999970 0.000010 0.000010
26 26 (0) 2 : 0.000010 0.862672 0.137308 0.000010
27 27 (0) 2 : 0.000010 0.000010 0.999970 0.000010
28 28 (0) 2 : 0.000010 0.999970 0.000010 0.000010
29 29 (0) 2 : 0.000010 0.495197 0.504783 0.000010
30 30 (0) 2 : 0.000010 0.000010 0.999970 0.000010
31 31 (0) 2 : 0.000010 0.000010 0.999970 0.000010
32 32 (0) 2 : 0.000010 0.251224 0.748756 0.000010
33 33 (0) 2 : 0.000010 0.000010 0.999970 0.000010
34 34 (0) 2 : 0.000010 0.100815 0.899165 0.000010
35 35 (0) 2 : 0.000010 0.626176 0.373804 0.000010
36 36 (0) 2 : 0.000010 0.320035 0.679945 0.000010
37 37 (0) 2 : 0.000010 0.000010 0.000010 0.999970
38 38 (0) 1 : 0.389654 0.000010 0.000010 0.610326
39 39 (0) 1 : 0.000010 0.000010 0.000010 0.999970
40 40 (0) 1 : 0.099116 0.000010 0.000010 0.900864
41 41 (0) 1 : 0.368440 0.000010 0.059630 0.571920
42 42 (0) 1 : 0.137287 0.073312 0.024683 0.764718
43 43 (0) 1 : 0.000010 0.000010 0.000010 0.999970
44 44 (0) 1 : 0.601342 0.004845 0.000010 0.393803
1 1 (0) 1 : 0.000010 0.000010 0.999970 0.000010
2 2 (0) 1 : 0.000011 0.999969 0.000010 0.000010
3 3 (0) 1 : 0.222588 0.661108 0.107626 0.008678
4 4 (0) 1 : 0.660800 0.173092 0.141626 0.024482
5 5 (0) 1 : 0.124735 0.875245 0.000010 0.000010
6 6 (0) 1 : 0.000016 0.999964 0.000010 0.000010
7 7 (0) 1 : 0.089212 0.910768 0.000010 0.000010
8 8 (0) 1 : 0.113381 0.725411 0.147420 0.013789
9 9 (0) 1 : 0.647373 0.000010 0.352607 0.000010
10 10 (0) 2 : 0.569297 0.000010 0.430683 0.000010
11 11 (0) 1 : 0.188490 0.419869 0.213583 0.178057
12 12 (0) 1 : 0.000010 0.999970 0.000010 0.000010
13 13 (0) 2 : 0.495196 0.193761 0.269014 0.042030
14 14 (0) 1 : 0.999970 0.000010 0.000010 0.000010
15 15 (0) 1 : 0.200700 0.799280 0.000010 0.000010
16 16 (0) 1 : 0.000010 0.000010 0.569946 0.430034
17 17 (0) 1 : 0.999970 0.000010 0.000010 0.000010
18 18 (0) 1 : 0.999970 0.000010 0.000010 0.000010
19 19 (0) 2 : 0.000010 0.000010 0.000010 0.999970
20 20 (0) 2 : 0.000010 0.000010 0.000010 0.999970
21 21 (0) 2 : 0.000010 0.000010 0.000010 0.999970
22 22 (0) 2 : 0.000010 0.000010 0.535988 0.463992
23 23 (0) 2 : 0.000010 0.105566 0.813414 0.081010
24 24 (0) 2 : 0.000010 0.000010 0.000010 0.999970
25 25 (0) 2 : 0.000010 0.000014 0.000010 0.999966
26 26 (0) 2 : 0.000010 0.000015 0.000010 0.999965
27 27 (0) 2 : 0.000010 0.000010 0.011133 0.988847
28 28 (0) 2 : 0.000010 0.000010 0.000010 0.999970
29 29 (0) 2 : 0.000010 0.000010 0.009899 0.990081
30 30 (0) 2 : 0.000010 0.056540 0.085813 0.857636
31 31 (0) 2 : 0.000010 0.001565 0.082513 0.915912
32 32 (0) 2 : 0.005092 0.073357 0.000010 0.921541
33 33 (0) 2 : 0.000010 0.000010 0.000010 0.999970
34 34 (0) 2 : 0.000010 0.000010 0.000010 0.999970
35 35 (0) 2 : 0.000010 0.000010 0.000010 0.999970
36 36 (0) 2 : 0.000010 0.037978 0.000010 0.962002
37 37 (0) 2 : 0.000010 0.000010 0.999970 0.000010
38 38 (0) 1 : 0.195843 0.213527 0.590620 0.000010
39 39 (0) 1 : 0.000010 0.000010 0.999970 0.000010
40 40 (0) 1 : 0.126583 0.000010 0.873397 0.000010
41 41 (0) 1 : 0.065733 0.362311 0.571946 0.000010
42 42 (0) 1 : 0.000010 0.265120 0.732182 0.002688
43 43 (0) 1 : 0.000010 0.000010 0.999970 0.000010
44 44 (0) 1 : 0.348491 0.289886 0.361613 0.000010
