1 1 (0) 1 : 0.000010 0.000010 0.999980
2 2 (0) 1 : 0.100924 0.899066 0.000010
3 3 (0) 1 : 0.065858 0.829505 0.104638
4 4 (0) 1 : 0.016306 0.749584 0.234110
5 5 (0) 1 : 0.070588 0.929402 0.000010
6 6 (0) 1 : 0.101458 0.898532 0.000010
7 7 (0) 1 : 0.011461 0.988529 0.000010
8 8 (0) 1 : 0.102481 0.758798 0.138721
9 9 (0) 1 : 0.000010 0.472144 0.527846
10 10 (0) 2 : 0.000010 0.446627 0.553363
11 11 (0) 1 : 0.206896 0.571362 0.221742
12 12 (0) 1 : 0.143412 0.856578 0.000010
13 13 (0) 2 : 0.040987 0.610607 0.348406
14 14 (0) 1 : 0.000010 0.999980 0.000010
15 15 (0) 1 : 0.000010 0.999980 0.000010
16 16 (0) 1 : 0.430221 0.000010 0.569769
17 17 (0) 1 : 0.000010 0.935039 0.064951
18 18 (0) 1 : 0.000010 0.758802 0.241188
19 19 (0) 2 : 0.999980 0.000010 0.000010
20 20 (0) 2 : 0.999980 0.000010 0.000010
21 21 (0) 2 : 0.999980 0.000010 0.000010
22 22 (0) 2 : 0.467018 0.000010 0.532972
23 23 (0) 2 : 0.109180 0.060581 0.830239
24 24 (0) 2 : 0.999980 0.000010 0.000010
25 25 (0) 2 : 0.999980 0.000010 0.000010
26 26 (0) 2 : 0.999980 0.000010 0.000010
27 27 (0) 2 : 0.994884 0.000010 0.005106
28 28 (0) 2 : 0.999980 0.000010 0.000010
29 29 (0) 2 : 0.992632 0.000010 0.007358
30 30 (0) 2 : 0.871058 0.037025 0.091917
31 31 (0) 2 : 0.919706 0.000010 0.080284
32 32 (0) 2 : 0.933988 0.066002 0.000010
33 33 (0) 2 : 0.999980 0.000010 0.000010
34 34 (0) 2 : 0.999980 0.000010 0.000010
35 35 (0) 2 : 0.999980 0.000010 0.000010
36 36 (0) 2 : 0.997787 0.002203 0.000010
37 37 (0) 2 : 0.000015 0.000010 0.999975
38 38 (0) 1 : 0.000010 0.381864 0.618126
39 39 (0) 1 : 0.000010 0.000010 0.999980
40 40 (0) 1 : 0.000010 0.080839 0.919151
41 41 (0) 1 : 0.045446 0.376472 0.578082
42 42 (0) 1 : 0.095646 0.143102 0.761251
43 43 (0) 1 : 0.000010 0.000010 0.999980
44 44 (0) 1 : 0.000010 0.595587 0.404403
1 1 (0) 1 : 0.000010 0.000010 0.999980
2 2 (0) 1 : 0.899055 0.100935 0.000010
3 3 (0) 1 : 0.829506 0.065865 0.104629
4 4 (0) 1 : 0.749609 0.016308 0.234083
5 5 (0) 1 : 0.929391 0.070599 0.000010
6 6 (0) 1 : 0.898520 0.101470 0.000010
7 7 (0) 1 : 0.988515 0.011475 0.000010
8 8 (0) 1 : 0.758796 0.102488 0.138715
9 9 (0) 1 : 0.472159 0.000010 0.527831
10 10 (0) 2 : 0.446642 0.000010 0.553348
11 11 (0) 1 : 0.571364 0.206900 0.221736
12 12 (0) 1 : 0.856568 0.143422 0.000010
13 13 (0) 2 : 0.610616 0.040990 0.348394
14 14 (0) 1 : 0.999980 0.000010 0.000010
15 15 (0) 1 : 0.999980 0.000010 0.000010
16 16 (0) 1 : 0.000010 0.430221 0.569769
17 17 (0) 1 : 0.935080 0.000010 0.064910
18 18 (0) 1 : 0.758820 0.000010 0.241170
19 19 (0) 2 : 0.000010 0.999980 0.000010
20 20 (0) 2 : 0.000010 0.999980 0.000010
21 21 (0) 2 : 0.000010 0.999980 0.000010
22 22 (0) 2 : 0.000010 0.467020 0.532970
23 23 (0) 2 : 0.060593 0.109178 0.830228
24 24 (0) 2 : 0.000010 0.999980 0.000010
25 25 (0) 2 : 0.000010 0.999980 0.000010
26 26 (0) 2 : 0.000010 0.999980 0.000010
27 27 (0) 2 : 0.000010 0.994887 0.005103
28 28 (0) 2 : 0.000010 0.999980 0.000010
29 29 (0) 2 : 0.000010 0.992632 0.007358
30 30 (0) 2 : 0.037028 0.871058 0.091913
31 31 (0) 2 : 0.000010 0.919706 0.080284
32 32 (0) 2 : 0.066002 0.933988 0.000010
33 33 (0) 2 : 0.000010 0.999980 0.000010
34 34 (0) 2 : 0.000010 0.999980 0.000010
35 35 (0) 2 : 0.000010 0.999980 0.000010
36 36 (0) 2 : 0.002205 0.997785 0.000010
37 37 (0) 2 : 0.000010 0.000010 0.999980
38 38 (0) 1 : 0.381886 0.000010 0.618104
39 39 (0) 1 : 0.000015 0.000010 0.999975
40 40 (0) 1 : 0.080890 0.000010 0.919100
41 41 (0) 1 : 0.376479 0.045448 0.578073
42 42 (0) 1 : 0.143106 0.095646 0.761247
43 43 (0) 1 : 0.000010 0.000010 0.999980
44 44 (0) 1 : 0.595606 0.000010 0.404384
