1 1 (0) 1 : 0.999980 0.000010 0.000010
2 2 (0) 1 : 0.000010 0.999980 0.000010
3 3 (0) 1 : 0.257469 0.736826 0.005704
4 4 (0) 1 : 0.627715 0.341230 0.031055
5 5 (0) 1 : 0.000010 0.999980 0.000010
6 6 (0) 1 : 0.000010 0.999980 0.000010
7 7 (0) 1 : 0.000010 0.999980 0.000010
8 8 (0) 1 : 0.202903 0.780873 0.016224
9 9 (0) 1 : 0.999980 0.000010 0.000010
10 10 (0) 2 : 0.999980 0.000010 0.000010
11 11 (0) 1 : 0.348416 0.473798 0.177786
12 12 (0) 1 : 0.000010 0.999980 0.000010
13 13 (0) 2 : 0.705793 0.247748 0.046459
14 14 (0) 1 : 0.825629 0.174361 0.000010
15 15 (0) 1 : 0.136940 0.863050 0.000010
16 16 (0) 1 : 0.552244 0.000010 0.447746
17 17 (0) 1 : 0.752190 0.232296 0.015514
18 18 (0) 1 : 0.999980 0.000010 0.000010
19 19 (0) 2 : 0.000010 0.000010 0.999980
20 20 (0) 2 : 0.000010 0.000010 0.999980
21 21 (0) 2 : 0.000010 0.000010 0.999980
22 22 (0) 2 : 0.490162 0.041248 0.468590
23 23 (0) 2 : 0.767138 0.141429 0.091432
24 24 (0) 2 : 0.000010 0.000010 0.999980
25 25 (0) 2 : 0.000010 0.000010 0.999980
26 26 (0) 2 : 0.000010 0.000010 0.999980
27 27 (0) 2 : 0.000010 0.000010 0.999980
28 28 (0) 2 : 0.000010 0.000010 0.999980
29 29 (0) 2 : 0.006205 0.000010 0.993785
30 30 (0) 2 : 0.075467 0.059346 0.865187
31 31 (0) 2 : 0.074391 0.000087 0.925522
32 32 (0) 2 : 0.000010 0.075243 0.924747
33 33 (0) 2 : 0.000010 0.000010 0.999980
34 34 (0) 2 : 0.000010 0.000010 0.999980
35 35 (0) 2 : 0.000010 0.000010 0.999980
36 36 (0) 2 : 0.000010 0.032996 0.966994
37 37 (0) 2 : 0.999980 0.000010 0.000010
38 38 (0) 1 : 0.698521 0.301469 0.000010
39 39 (0) 1 : 0.999980 0.000010 0.000010
40 40 (0) 1 : 0.939084 0.060906 0.000010
41 41 (0) 1 : 0.538429 0.451615 0.009956
42 42 (0) 1 : 0.571870 0.371249 0.056880
43 43 (0) 1 : 0.849490 0.146209 0.004301
44 44 (0) 1 : 0.613503 0.386487 0.000010
1 1 (0) 1 : 0.000010 0.000010 0.999980
2 2 (0) 1 : 0.999980 0.000010 0.000010
3 3 (0) 1 : 0.736832 0.005703 0.257465
4 4 (0) 1 : 0.341233 0.031055 0.627712
5 5 (0) 1 : 0.999980 0.000010 0.000010
6 6 (0) 1 : 0.999980 0.000010 0.000010
7 7 (0) 1 : 0.999980 0.000010 0.000010
8 8 (0) 1 : 0.780877 0.016223 0.202900
9 9 (0) 1 : 0.000010 0.000010 0.999980
10 10 (0) 2 : 0.000010 0.000010 0.999980
11 11 (0) 1 : 0.473799 0.177786 0.348415
12 12 (0) 1 : 0.999980 0.000010 0.000010
13 13 (0) 2 : 0.247749 0.046459 0.705792
14 14 (0) 1 : 0.174363 0.000010 0.825627
15 15 (0) 1 : 0.863050 0.000010 0.136940
16 16 (0) 1 : 0.000010 0.447746 0.552244
17 17 (0) 1 : 0.232298 0.015514 0.752188
18 18 (0) 1 : 0.000010 0.000010 0.999980
19 19 (0) 2 : 0.000020 0.999970 0.000010
20 20 (0) 2 : 0.000010 0.999980 0.000010
21 21 (0) 2 : 0.000010 0.999980 0.000010
22 22 (0) 2 : 0.041247 0.468590 0.490162
23 23 (0) 2 : 0.141432 0.091432 0.767137
24 24 (0) 2 : 0.000010 0.999980 0.000010
25 25 (0) 2 : 0.000010 0.999980 0.000010
26 26 (0) 2 : 0.000010 0.999980 0.000010
27 27 (0) 2 : 0.000010 0.999980 0.000010
28 28 (0) 2 : 0.000010 0.999980 0.000010
29 29 (0) 2 : 0.000010 0.993788 0.006202
30 30 (0) 2 : 0.059344 0.865187 0.075469
31 31 (0) 2 : 0.000078 0.925525 0.074398
32 32 (0) 2 : 0.075241 0.924749 0.000010
33 33 (0) 2 : 0.000010 0.999980 0.000010
34 34 (0) 2 : 0.000010 0.999980 0.000010
35 35 (0) 2 : 0.000010 0.999980 0.000010
36 36 (0) 2 : 0.032985 0.967005 0.000010
37 37 (0) 2 : 0.000010 0.000010 0.999980
38 38 (0) 1 : 0.301474 0.000010 0.698516
39 39 (0) 1 : 0.000010 0.000010 0.999980
40 40 (0) 1 : 0.060916 0.000010 0.939074
41 41 (0) 1 : 0.451621 0.009955 0.538424
42 42 (0) 1 : 0.371256 0.056879 0.571865
43 43 (0) 1 : 0.146215 0.004300 0.849485
44 44 (0) 1 : 0.386492 0.000010 0.613498
1 1 (0) 1 : 0.000010 0.999980 0.000010
2 2 (0) 1 : 0.307808 0.692182 0.000010
3 3 (0) 1 : 0.204417 0.795573 0.000010
4 4 (0) 1 : 0.047060 0.895732 0.057208
5 5 (0) 1 : 0.241238 0.758752 0.000010
6 6 (0) 1 : 0.310080 0.689910 0.000010
7 7 (0) 1 : 0.212214 0.787776 0.000010
8 8 (0) 1 : 0.237703 0.762287 0.000010
9 9 (0) 1 : 0.000010 0.999980 0.000010
10 10 (0) 2 : 0.000010 0.999980 0.000010
11 11 (0) 1 : 0.249995 0.702259 0.047746
12 12 (0) 1 : 0.319362 0.680628 0.000010
13 13 (0) 2 : 0.121596 0.878394 0.000010
14 14 (0) 1 : 0.000010 0.998121 0.001869
15 15 (0) 1 : 0.191009 0.808981 0.000010
16 16 (0) 1 : 0.440018 0.495547 0.064436
17 17 (0) 1 : 0.031690 0.940665 0.027646
18 18 (0) 1 : 0.000010 0.999980 0.000010
19 19 (0) 2 : 0.000010 0.000010 0.999980
20 20 (0) 2 : 0.000010 0.000010 0.999980
21 21 (0) 2 : 0.000010 0.000010 0.999980
22 22 (0) 2 : 0.348965 0.490898 0.160137
23 23 (0) 2 : 0.107088 0.864670 0.028242
24 24 (0) 2 : 0.000010 0.000010 0.999980
25 25 (0) 2 : 0.000010 0.000010 0.999980
26 26 (0) 2 : 0.124383 0.000010 0.875607
27 27 (0) 2 : 0.999980 0.000010 0.000010
28 28 (0) 2 : 0.000010 0.000010 0.999980
29 29 (0) 2 : 0.500390 0.000010 0.499600
30 30 (0) 2 : 0.999980 0.000010 0.000010
31 31 (0) 2 : 0.999980 0.000010 0.000010
32 32 (0) 2 : 0.756493 0.000010 0.243497
33 33 (0) 2 : 0.999980 0.000010 0.000010
34 34 (0) 2 : 0.884196 0.000010 0.115794
35 35 (0) 2 : 0.374016 0.000010 0.625974
36 36 (0) 2 : 0.681080 0.000010 0.318910
37 37 (0) 2 : 0.002411 0.997579 0.000010
38 38 (0) 1 : 0.000010 0.964753 0.035237
39 39 (0) 1 : 0.000010 0.999980 0.000010
40 40 (0) 1 : 0.000010 0.985855 0.014135
41 41 (0) 1 : 0.119709 0.880281 0.000010
42 42 (0) 1 : 0.076937 0.851266 0.071797
43 43 (0) 1 : 0.000010 0.958759 0.041231
44 44 (0) 1 : 0.011446 0.939546 0.049007
1 1 (0) 1 : 0.000010 0.999980 0.000010
2 2 (0) 1 : 0.999980 0.000010 0.000010
3 3 (0) 1 : 0.736833 0.257464 0.005703
4 4 (0) 1 : 0.341236 0.627710 0.031055
5 5 (0) 1 : 0.999980 0.000010 0.000010
6 6 (0) 1 : 0.999980 0.000010 0.000010
7 7 (0) 1 : 0.999980 0.000010 0.000010
8 8 (0) 1 : 0.780879 0.202898 0.016223
9 9 (0) 1 : 0.000010 0.999980 0.000010
10 10 (0) 2 : 0.000010 0.999980 0.000010
11 11 (0) 1 : 0.473802 0.348413 0.177785
12 12 (0) 1 : 0.999980 0.000010 0.000010
13 13 (0) 2 : 0.247750 0.705791 0.046459
14 14 (0) 1 : 0.174363 0.825627 0.000010
15 15 (0) 1 : 0.863051 0.136939 0.000010
16 16 (0) 1 : 0.000010 0.552244 0.447746
17 17 (0) 1 : 0.232299 0.752187 0.015514
18 18 (0) 1 : 0.000010 0.999980 0.000010
19 19 (0) 2 : 0.000010 0.000010 0.999980
20 20 (0) 2 : 0.000010 0.000010 0.999980
21 21 (0) 2 : 0.000010 0.000010 0.999980
22 22 (0) 2 : 0.041254 0.490158 0.468588
23 23 (0) 2 : 0.141439 0.767131 0.091430
24 24 (0) 2 : 0.000010 0.000010 0.999980
25 25 (0) 2 : 0.000010 0.000010 0.999980
26 26 (0) 2 : 0.000010 0.000010 0.999980
27 27 (0) 2 : 0.000010 0.000010 0.999980
28 28 (0) 2 : 0.000010 0.000010 0.999980
29 29 (0) 2 : 0.000010 0.006206 0.993784
30 30 (0) 2 : 0.059348 0.075468 0.865184
31 31 (0) 2 : 0.000083 0.074396 0.925521
32 32 (0) 2 : 0.075247 0.000010 0.924743
33 33 (0) 2 : 0.000010 0.000010 0.999980
34 34 (0) 2 : 0.000010 0.000010 0.999980
35 35 (0) 2 : 0.000010 0.000010 0.999980
36 36 (0) 2 : 0.033001 0.000010 0.966989
37 37 (0) 2 : 0.000010 0.999980 0.000010
38 38 (0) 1 : 0.301482 0.698508 0.000010
39 39 (0) 1 : 0.000010 0.999980 0.000010
40 40 (0) 1 : 0.060934 0.939056 0.000010
41 41 (0) 1 : 0.451626 0.538419 0.009955
42 42 (0) 1 : 0.371264 0.571858 0.056878
43 43 (0) 1 : 0.146223 0.849478 0.004299
44 44 (0) 1 : 0.386497 0.613493 0.000010
1 1 (0) 1 : 0.000010 0.000010 0.999980
2 2 (0) 1 : 0.000010 0.999980 0.000010
3 3 (0) 1 : 0.005703 0.736832 0.257465
4 4 (0) 1 : 0.031055 0.341235 0.627711
5 5 (0) 1 : 0.000010 0.999980 0.000010
6 6 (0) 1 : 0.000010 0.999980 0.000010
7 7 (0) 1 : 0.000010 0.999980 0.000010
8 8 (0) 1 : 0.016223 0.780877 0.202900
9 9 (0) 1 : 0.000010 0.000010 0.999980
10 10 (0) 2 : 0.000010 0.000010 0.999980
11 11 (0) 1 : 0.177786 0.473800 0.348414
12 12 (0) 1 : 0.000010 0.999980 0.000010
13 13 (0) 2 : 0.046459 0.247750 0.705792
14 14 (0) 1 : 0.000010 0.174364 0.825626
15 15 (0) 1 : 0.000010 0.863052 0.136938
16 16 (0) 1 : 0.447746 0.000010 0.552244
17 17 (0) 1 : 0.015514 0.232300 0.752187
18 18 (0) 1 : 0.000010 0.000010 0.999980
19 19 (0) 2 : 0.999980 0.000010 0.000010
20 20 (0) 2 : 0.999980 0.000010 0.000010
21 21 (0) 2 : 0.999980 0.000010 0.000010
22 22 (0) 2 : 0.468590 0.041248 0.490162
23 23 (0) 2 : 0.091431 0.141433 0.767135
24 24 (0) 2 : 0.999980 0.000010 0.000010
25 25 (0) 2 : 0.999980 0.000010 0.000010
26 26 (0) 2 : 0.999972 0.000018 0.000010
27 27 (0) 2 : 0.999980 0.000010 0.000010
28 28 (0) 2 : 0.999980 0.000010 0.000010
29 29 (0) 2 : 0.993787 0.000010 0.006203
30 30 (0) 2 : 0.865186 0.059344 0.075469
31 31 (0) 2 : 0.925524 0.000078 0.074398
32 32 (0) 2 : 0.924747 0.075243 0.000010
33 33 (0) 2 : 0.999980 0.000010 0.000010
34 34 (0) 2 : 0.999980 0.000010 0.000010
35 35 (0) 2 : 0.999980 0.000010 0.000010
36 36 (0) 2 : 0.967003 0.032987 0.000010
37 37 (0) 2 : 0.000010 0.000010 0.999980
38 38 (0) 1 : 0.000010 0.301477 0.698513
39 39 (0) 1 : 0.000010 0.000010 0.999980
40 40 (0) 1 : 0.000010 0.060921 0.939069
41 41 (0) 1 : 0.009955 0.451622 0.538422
42 42 (0) 1 : 0.056879 0.371258 0.571863
43 43 (0) 1 : 0.004300 0.146217 0.849483
44 44 (0) 1 : 0.000010 0.386494 0.613496
1 1 (0) 1 : 0.000010 0.000010 0.999980
2 2 (0) 1 : 0.100924 0.899066 0.000010
3 3 (0) 1 : 0.065858 0.829505 0.104638
4 4 (0) 1 : 0.016306 0.749584 0.234110
5 5 (0) 1 : 0.070588 0.929402 0.000010
6 6 (0) 1 : 0.101458 0.898532 0.000010
7 7 (0) 1 : 0.011461 0.988529 0.000010
8 8 (0) 1 : 0.102481 0.758798 0.138721
9 9 (0) 1 : 0.000010 0.472144 0.527846
10 10 (0) 2 : 0.000010 0.446627 0.553363
11 11 (0) 1 : 0.206896 0.571362 0.221742
12 12 (0) 1 : 0.143412 0.856578 0.000010
13 13 (0) 2 : 0.040987 0.610607 0.348406
14 14 (0) 1 : 0.000010 0.999980 0.000010
15 15 (0) 1 : 0.000010 0.999980 0.000010
16 16 (0) 1 : 0.430221 0.000010 0.569769
17 17 (0) 1 : 0.000010 0.935039 0.064951
18 18 (0) 1 : 0.000010 0.758802 0.241188
19 19 (0) 2 : 0.999980 0.000010 0.000010
20 20 (0) 2 : 0.999980 0.000010 0.000010
21 21 (0) 2 : 0.999980 0.000010 0.000010
22 22 (0) 2 : 0.467018 0.000010 0.532972
23 23 (0) 2 : 0.109180 0.060581 0.830239
24 24 (0) 2 : 0.999980 0.000010 0.000010
25 25 (0) 2 : 0.999980 0.000010 0.000010
26 26 (0) 2 : 0.999980 0.000010 0.000010
27 27 (0) 2 : 0.994884 0.000010 0.005106
28 28 (0) 2 : 0.999980 0.000010 0.000010
29 29 (0) 2 : 0.992632 0.000010 0.007358
30 30 (0) 2 : 0.871058 0.037025 0.091917
31 31 (0) 2 : 0.919706 0.000010 0.080284
32 32 (0) 2 : 0.933988 0.066002 0.000010
33 33 (0) 2 : 0.999980 0.000010 0.000010
34 34 (0) 2 : 0.999980 0.000010 0.000010
35 35 (0) 2 : 0.999980 0.000010 0.000010
36 36 (0) 2 : 0.997787 0.002203 0.000010
37 37 (0) 2 : 0.000015 0.000010 0.999975
38 38 (0) 1 : 0.000010 0.381864 0.618126
39 39 (0) 1 : 0.000010 0.000010 0.999980
40 40 (0) 1 : 0.000010 0.080839 0.919151
41 41 (0) 1 : 0.045446 0.376472 0.578082
42 42 (0) 1 : 0.095646 0.143102 0.761251
43 43 (0) 1 : 0.000010 0.000010 0.999980
44 44 (0) 1 : 0.000010 0.595587 0.404403
1 1 (0) 1 : 0.000010 0.000010 0.999980
2 2 (0) 1 : 0.999980 0.000010 0.000010
3 3 (0) 1 : 0.736835 0.005703 0.257462
4 4 (0) 1 : 0.341238 0.031054 0.627707
5 5 (0) 1 : 0.999980 0.000010 0.000010
6 6 (0) 1 : 0.999980 0.000010 0.000010
7 7 (0) 1 : 0.999980 0.000010 0.000010
8 8 (0) 1 : 0.780879 0.016223 0.202898
9 9 (0) 1 : 0.000010 0.000010 0.999980
10 10 (0) 2 : 0.000010 0.000010 0.999980
11 11 (0) 1 : 0.473802 0.177786 0.348412
12 12 (0) 1 : 0.999980 0.000010 0.000010
13 13 (0) 2 : 0.247751 0.046459 0.705790
14 14 (0) 1 : 0.174366 0.000010 0.825624
15 15 (0) 1 : 0.863054 0.000010 0.136936
16 16 (0) 1 : 0.000010 0.447746 0.552244
17 17 (0) 1 : 0.232303 0.015514 0.752184
18 18 (0) 1 : 0.000010 0.000010 0.999980
19 19 (0) 2 : 0.000010 0.999980 0.000010
20 20 (0) 2 : 0.000010 0.999980 0.000010
21 21 (0) 2 : 0.000010 0.999980 0.000010
22 22 (0) 2 : 0.041249 0.468590 0.490160
23 23 (0) 2 : 0.141436 0.091431 0.767133
24 24 (0) 2 : 0.000010 0.999980 0.000010
25 25 (0) 2 : 0.000010 0.999980 0.000010
26 26 (0) 2 : 0.000010 0.999980 0.000010
27 27 (0) 2 : 0.000010 0.999980 0.000010
28 28 (0) 2 : 0.000010 0.999980 0.000010
29 29 (0) 2 : 0.000010 0.993794 0.006196
30 30 (0) 2 : 0.059341 0.865188 0.075471
31 31 (0) 2 : 0.000074 0.925526 0.074400
32 32 (0) 2 : 0.075241 0.924749 0.000010
33 33 (0) 2 : 0.000010 0.999980 0.000010
34 34 (0) 2 : 0.000010 0.999980 0.000010
35 35 (0) 2 : 0.000010 0.999980 0.000010
36 36 (0) 2 : 0.032981 0.967009 0.000010
37 37 (0) 2 : 0.000010 0.000010 0.999980
38 38 (0) 1 : 0.301482 0.000010 0.698508
39 39 (0) 1 : 0.000010 0.000010 0.999980
40 40 (0) 1 : 0.060926 0.000010 0.939064
41 41 (0) 1 : 0.451627 0.009955 0.538418
42 42 (0) 1 : 0.371263 0.056878 0.571858
43 43 (0) 1 : 0.146222 0.004299 0.849479
44 44 (0) 1 : 0.386498 0.000010 0.613492
1 1 (0) 1 : 0.999980 0.000010 0.000010
2 2 (0) 1 : 0.692182 0.307808 0.000010
3 3 (0) 1 : 0.795573 0.204417 0.000010
4 4 (0) 1 : 0.895733 0.047059 0.057208
5 5 (0) 1 : 0.758752 0.241238 0.000010
6 6 (0) 1 : 0.689910 0.310080 0.000010
7 7 (0) 1 : 0.787776 0.212214 0.000010
8 8 (0) 1 : 0.762287 0.237703 0.000010
9 9 (0) 1 : 0.999980 0.000010 0.000010
10 10 (0) 2 : 0.999980 0.000010 0.000010
11 11 (0) 1 : 0.702259 0.249995 0.047746
12 12 (0) 1 : 0.680628 0.319362 0.000010
13 13 (0) 2 : 0.878394 0.121596 0.000010
14 14 (0) 1 : 0.998121 0.000010 0.001869
15 15 (0) 1 : 0.808981 0.191009 0.000010
16 16 (0) 1 : 0.495546 0.440018 0.064436
17 17 (0) 1 : 0.940665 0.031689 0.027646
18 18 (0) 1 : 0.999980 0.000010 0.000010
19 19 (0) 2 : 0.000010 0.000010 0.999980
20 20 (0) 2 : 0.000010 0.000010 0.999980
21 21 (0) 2 : 0.000010 0.000010 0.999980
22 22 (0) 2 : 0.490898 0.348965 0.160137
23 23 (0) 2 : 0.864670 0.107088 0.028242
24 24 (0) 2 : 0.000010 0.000010 0.999980
25 25 (0) 2 : 0.000010 0.000010 0.999980
26 26 (0) 2 : 0.000010 0.124383 0.875607
27 27 (0) 2 : 0.000010 0.999980 0.000010
28 28 (0) 2 : 0.000010 0.000010 0.999980
29 29 (0) 2 : 0.000010 0.500389 0.499601
30 30 (0) 2 : 0.000010 0.999980 0.000010
31 31 (0) 2 : 0.000010 0.999980 0.000010
32 32 (0) 2 : 0.000010 0.756493 0.243497
33 33 (0) 2 : 0.000010 0.999980 0.000010
34 34 (0) 2 : 0.000010 0.884196 0.115794
35 35 (0) 2 : 0.000010 0.374015 0.625975
36 36 (0) 2 : 0.000010 0.681079 0.318911
37 37 (0) 2 : 0.997579 0.002411 0.000010
38 38 (0) 1 : 0.964753 0.000010 0.035237
39 39 (0) 1 : 0.999980 0.000010 0.000010
40 40 (0) 1 : 0.985855 0.000010 0.014135
41 41 (0) 1 : 0.880281 0.119709 0.000010
42 42 (0) 1 : 0.851266 0.076937 0.071797
43 43 (0) 1 : 0.958759 0.000010 0.041231
44 44 (0) 1 : 0.939547 0.011446 0.049008
1 1 (0) 1 : 0.000010 0.999980 0.000010
2 2 (0) 1 : 0.999980 0.000010 0.000010
3 3 (0) 1 : 0.736832 0.257465 0.005703
4 4 (0) 1 : 0.341235 0.627710 0.031055
5 5 (0) 1 : 0.999980 0.000010 0.000010
6 6 (0) 1 : 0.999980 0.000010 0.000010
7 7 (0) 1 : 0.999980 0.000010 0.000010
8 8 (0) 1 : 0.780878 0.202899 0.016223
9 9 (0) 1 : 0.000010 0.999980 0.000010
10 10 (0) 2 : 0.000010 0.999980 0.000010
11 11 (0) 1 : 0.473801 0.348414 0.177785
12 12 (0) 1 : 0.999980 0.000010 0.000010
13 13 (0) 2 : 0.247749 0.705792 0.046459
14 14 (0) 1 : 0.174362 0.825628 0.000010
15 15 (0) 1 : 0.863051 0.136939 0.000010
16 16 (0) 1 : 0.000010 0.552244 0.447746
17 17 (0) 1 : 0.232298 0.752188 0.015514
18 18 (0) 1 : 0.000010 0.999980 0.000010
19 19 (0) 2 : 0.000010 0.000010 0.999980
20 20 (0) 2 : 0.000010 0.000010 0.999980
21 21 (0) 2 : 0.000010 0.000010 0.999980
22 22 (0) 2 : 0.041252 0.490159 0.468589
23 23 (0) 2 : 0.141438 0.767132 0.091430
24 24 (0) 2 : 0.000010 0.000010 0.999980
25 25 (0) 2 : 0.000010 0.000010 0.999980
26 26 (0) 2 : 0.000010 0.000010 0.999980
27 27 (0) 2 : 0.000010 0.000010 0.999980
28 28 (0) 2 : 0.000011 0.000010 0.999979
29 29 (0) 2 : 0.000010 0.006204 0.993786
30 30 (0) 2 : 0.059346 0.075469 0.865185
31 31 (0) 2 : 0.000080 0.074398 0.925522
32 32 (0) 2 : 0.075245 0.000010 0.924745
33 33 (0) 2 : 0.000010 0.000010 0.999980
34 34 (0) 2 : 0.000010 0.000010 0.999980
35 35 (0) 2 : 0.000010 0.000010 0.999980
36 36 (0) 2 : 0.032991 0.000010 0.966999
37 37 (0) 2 : 0.000010 0.999980 0.000010
38 38 (0) 1 : 0.301481 0.698509 0.000010
39 39 (0) 1 : 0.000010 0.999980 0.000010
40 40 (0) 1 : 0.060932 0.939058 0.000010
41 41 (0) 1 : 0.451626 0.538419 0.009955
42 42 (0) 1 : 0.371263 0.571859 0.056878
43 43 (0) 1 : 0.146223 0.849479 0.004299
44 44 (0) 1 : 0.386496 0.613494 0.000010
1 1 (0) 1 : 0.000010 0.000010 0.999980
2 2 (0) 1 : 0.899055 0.100935 0.000010
3 3 (0) 1 : 0.829506 0.065865 0.104629
4 4 (0) 1 : 0.749609 0.016308 0.234083
5 5 (0) 1 : 0.929391 0.070599 0.000010
6 6 (0) 1 : 0.898520 0.101470 0.000010
7 7 (0) 1 : 0.988515 0.011475 0.000010
8 8 (0) 1 : 0.758796 0.102488 0.138715
9 9 (0) 1 : 0.472159 0.000010 0.527831
10 10 (0) 2 : 0.446642 0.000010 0.553348
11 11 (0) 1 : 0.571364 0.206900 0.221736
12 12 (0) 1 : 0.856568 0.143422 0.000010
13 13 (0) 2 : 0.610616 0.040990 0.348394
14 14 (0) 1 : 0.999980 0.000010 0.000010
15 15 (0) 1 : 0.999980 0.000010 0.000010
16 16 (0) 1 : 0.000010 0.430221 0.569769
17 17 (0) 1 : 0.935080 0.000010 0.064910
18 18 (0) 1 : 0.758820 0.000010 0.241170
19 19 (0) 2 : 0.000010 0.999980 0.000010
20 20 (0) 2 : 0.000010 0.999980 0.000010
21 21 (0) 2 : 0.000010 0.999980 0.000010
22 22 (0) 2 : 0.000010 0.467020 0.532970
23 23 (0) 2 : 0.060593 0.109178 0.830228
24 24 (0) 2 : 0.000010 0.999980 0.000010
25 25 (0) 2 : 0.000010 0.999980 0.000010
26 26 (0) 2 : 0.000010 0.999980 0.000010
27 27 (0) 2 : 0.000010 0.994887 0.005103
28 28 (0) 2 : 0.000010 0.999980 0.000010
29 29 (0) 2 : 0.000010 0.992632 0.007358
30 30 (0) 2 : 0.037028 0.871058 0.091913
31 31 (0) 2 : 0.000010 0.919706 0.080284
32 32 (0) 2 : 0.066002 0.933988 0.000010
33 33 (0) 2 : 0.000010 0.999980 0.000010
34 34 (0) 2 : 0.000010 0.999980 0.000010
35 35 (0) 2 : 0.000010 0.999980 0.000010
36 36 (0) 2 : 0.002205 0.997785 0.000010
37 37 (0) 2 : 0.000010 0.000010 0.999980
38 38 (0) 1 : 0.381886 0.000010 0.618104
39 39 (0) 1 : 0.000015 0.000010 0.999975
40 40 (0) 1 : 0.080890 0.000010 0.919100
41 41 (0) 1 : 0.376479 0.045448 0.578073
42 42 (0) 1 : 0.143106 0.095646 0.761247
43 43 (0) 1 : 0.000010 0.000010 0.999980
44 44 (0) 1 : 0.595606 0.000010 0.404384
