1 1 (0) 1 : 0.999968 0.000012 0.000010 0.000010
2 2 (0) 1 : 0.000010 0.841741 0.000010 0.158239
3 3 (0) 1 : 0.093235 0.810397 0.000010 0.096358
4 4 (0) 1 : 0.212818 0.758858 0.028315 0.000010
5 5 (0) 1 : 0.000010 0.893673 0.008162 0.098155
6 6 (0) 1 : 0.000010 0.838631 0.000010 0.161349
7 7 (0) 1 : 0.000010 0.952212 0.021369 0.026408
8 8 (0) 1 : 0.133200 0.733006 0.005839 0.127954
9 9 (0) 1 : 0.511190 0.488790 0.000010 0.000010
10 10 (0) 2 : 0.539059 0.460921 0.000010 0.000010
11 11 (0) 1 : 0.211332 0.556113 0.054458 0.178097
12 12 (0) 1 : 0.000010 0.813198 0.013679 0.173113
13 13 (0) 2 : 0.329954 0.603258 0.000010 0.066778
14 14 (0) 1 : 0.000010 0.999970 0.000010 0.000010
15 15 (0) 1 : 0.000010 0.978045 0.000010 0.021935
16 16 (0) 1 : 0.541742 0.000010 0.000010 0.458238
17 17 (0) 1 : 0.034853 0.965127 0.000010 0.000010
18 18 (0) 1 : 0.220645 0.779335 0.000010 0.000010
19 19 (0) 2 : 0.000010 0.000010 0.999970 0.000010
20 20 (0) 2 : 0.000010 0.000010 0.999970 0.000010
21 21 (0) 2 : 0.000010 0.000010 0.999970 0.000010
22 22 (0) 2 : 0.506890 0.000010 0.128857 0.364243
23 23 (0) 2 : 0.823717 0.049094 0.000010 0.127179
24 24 (0) 2 : 0.000010 0.000010 0.999970 0.000010
25 25 (0) 2 : 0.000010 0.000010 0.999970 0.000010
26 26 (0) 2 : 0.000010 0.000010 0.862673 0.137307
27 27 (0) 2 : 0.000010 0.000010 0.000010 0.999970
28 28 (0) 2 : 0.000010 0.000010 0.999970 0.000010
29 29 (0) 2 : 0.000010 0.000010 0.495199 0.504781
30 30 (0) 2 : 0.000010 0.000010 0.000010 0.999970
31 31 (0) 2 : 0.000010 0.000010 0.000010 0.999970
32 32 (0) 2 : 0.000010 0.000010 0.251226 0.748754
33 33 (0) 2 : 0.000010 0.000010 0.000010 0.999970
34 34 (0) 2 : 0.000010 0.000010 0.100818 0.899162
35 35 (0) 2 : 0.000010 0.000010 0.626177 0.373803
36 36 (0) 2 : 0.000010 0.000010 0.320037 0.679943
37 37 (0) 2 : 0.999970 0.000010 0.000010 0.000010
38 38 (0) 1 : 0.610306 0.389674 0.000010 0.000010
39 39 (0) 1 : 0.999970 0.000010 0.000010 0.000010
40 40 (0) 1 : 0.900820 0.099160 0.000010 0.000010
41 41 (0) 1 : 0.571909 0.368450 0.000010 0.059631
42 42 (0) 1 : 0.764705 0.137300 0.073311 0.024684
43 43 (0) 1 : 0.999970 0.000010 0.000010 0.000010
44 44 (0) 1 : 0.393788 0.601357 0.004845 0.000010
1 1 (0) 1 : 0.000010 0.000010 0.999970 0.000010
2 2 (0) 1 : 0.841744 0.000010 0.000010 0.158236
3 3 (0) 1 : 0.810395 0.000010 0.093237 0.096357
4 4 (0) 1 : 0.758855 0.028314 0.212820 0.000010
5 5 (0) 1 : 0.893674 0.008165 0.000010 0.098152
6 6 (0) 1 : 0.838633 0.000010 0.000010 0.161347
7 7 (0) 1 : 0.952217 0.021373 0.000010 0.026400
8 8 (0) 1 : 0.733005 0.005840 0.133203 0.127952
9 9 (0) 1 : 0.488789 0.000010 0.511191 0.000010
10 10 (0) 2 : 0.460919 0.000010 0.539061 0.000010
11 11 (0) 1 : 0.556112 0.054458 0.211334 0.178096
12 12 (0) 1 : 0.813200 0.013680 0.000010 0.173110
13 13 (0) 2 : 0.603258 0.000010 0.329955 0.066777
14 14 (0) 1 : 0.999970 0.000010 0.000010 0.000010
15 15 (0) 1 : 0.978051 0.000010 0.000010 0.021929
16 16 (0) 1 : 0.000010 0.000010 0.541741 0.458239
17 17 (0) 1 : 0.965126 0.000010 0.034854 0.000010
18 18 (0) 1 : 0.779335 0.000010 0.220645 0.000010
19 19 (0) 2 : 0.000010 0.999970 0.000010 0.000010
20 20 (0) 2 : 0.000010 0.999970 0.000010 0.000010
21 21 (0) 2 : 0.000010 0.999970 0.000010 0.000010
22 22 (0) 2 : 0.000010 0.128856 0.506891 0.364243
23 23 (0) 2 : 0.049082 0.000010 0.823727 0.127181
24 24 (0) 2 : 0.000010 0.999970 0.000010 0.000010
25 25 (0) 2 : 0.000010 0.999970 0.000010 0.000010
26 26 (0) 2 : 0.000010 0.862672 0.000010 0.137308
27 27 (0) 2 : 0.000010 0.000010 0.000010 0.999970
28 28 (0) 2 : 0.000010 0.999970 0.000010 0.000010
29 29 (0) 2 : 0.000010 0.495197 0.000010 0.504783
30 30 (0) 2 : 0.000010 0.000010 0.000010 0.999970
31 31 (0) 2 : 0.000010 0.000010 0.000010 0.999970
32 32 (0) 2 : 0.000018 0.251223 0.000010 0.748749
33 33 (0) 2 : 0.000010 0.000010 0.000010 0.999970
34 34 (0) 2 : 0.000010 0.100814 0.000010 0.899166
35 35 (0) 2 : 0.000010 0.626176 0.000010 0.373804
36 36 (0) 2 : 0.000010 0.320036 0.000010 0.679944
37 37 (0) 2 : 0.000010 0.000010 0.999970 0.000010
38 38 (0) 1 : 0.389665 0.000010 0.610315 0.000010
39 39 (0) 1 : 0.000010 0.000010 0.999970 0.000010
40 40 (0) 1 : 0.099144 0.000010 0.900836 0.000010
41 41 (0) 1 : 0.368444 0.000010 0.571915 0.059630
42 42 (0) 1 : 0.137291 0.073312 0.764714 0.024683
43 43 (0) 1 : 0.000010 0.000010 0.999970 0.000010
44 44 (0) 1 : 0.601350 0.004845 0.393795 0.000010
1 1 (0) 1 : 0.000010 0.999970 0.000010 0.000010
2 2 (0) 1 : 0.841720 0.000010 0.000010 0.158260
3 3 (0) 1 : 0.810383 0.093234 0.000010 0.096373
4 4 (0) 1 : 0.758867 0.212803 0.028320 0.000010
5 5 (0) 1 : 0.893652 0.000010 0.008165 0.098173
6 6 (0) 1 : 0.838610 0.000010 0.000010 0.161370
7 7 (0) 1 : 0.952186 0.000010 0.021366 0.026438
8 8 (0) 1 : 0.732992 0.133201 0.005841 0.127966
9 9 (0) 1 : 0.488800 0.511180 0.000010 0.000010
10 10 (0) 2 : 0.460929 0.539051 0.000010 0.000010
11 11 (0) 1 : 0.556105 0.211331 0.054458 0.178106
12 12 (0) 1 : 0.813179 0.000010 0.013677 0.173134
13 13 (0) 2 : 0.603260 0.329947 0.000010 0.066783
14 14 (0) 1 : 0.999970 0.000010 0.000010 0.000010
15 15 (0) 1 : 0.978017 0.000010 0.000010 0.021963
16 16 (0) 1 : 0.000010 0.541742 0.000010 0.458238
17 17 (0) 1 : 0.965156 0.034824 0.000010 0.000010
18 18 (0) 1 : 0.779350 0.220630 0.000010 0.000010
19 19 (0) 2 : 0.000010 0.000010 0.999970 0.000010
20 20 (0) 2 : 0.000010 0.000010 0.999970 0.000010
21 21 (0) 2 : 0.000010 0.000010 0.999970 0.000010
22 22 (0) 2 : 0.000010 0.506892 0.128856 0.364242
23 23 (0) 2 : 0.049082 0.823727 0.000010 0.127181
24 24 (0) 2 : 0.000010 0.000010 0.999970 0.000010
25 25 (0) 2 : 0.000010 0.000010 0.999970 0.000010
26 26 (0) 2 : 0.000010 0.000010 0.862672 0.137308
27 27 (0) 2 : 0.000010 0.000010 0.000010 0.999970
28 28 (0) 2 : 0.000010 0.000010 0.999970 0.000010
29 29 (0) 2 : 0.000010 0.000010 0.495195 0.504785
30 30 (0) 2 : 0.000010 0.000010 0.000010 0.999970
31 31 (0) 2 : 0.000010 0.000010 0.000010 0.999970
32 32 (0) 2 : 0.000010 0.000010 0.251224 0.748756
33 33 (0) 2 : 0.000010 0.000010 0.000010 0.999970
34 34 (0) 2 : 0.000010 0.000010 0.100810 0.899170
35 35 (0) 2 : 0.000010 0.000010 0.626175 0.373805
36 36 (0) 2 : 0.000010 0.000010 0.320034 0.679946
37 37 (0) 2 : 0.000010 0.999970 0.000010 0.000010
38 38 (0) 1 : 0.389671 0.610309 0.000010 0.000010
39 39 (0) 1 : 0.000010 0.999970 0.000010 0.000010
40 40 (0) 1 : 0.099157 0.900823 0.000010 0.000010
41 41 (0) 1 : 0.368439 0.571914 0.000010 0.059637
42 42 (0) 1 : 0.137284 0.764717 0.073311 0.024687
43 43 (0) 1 : 0.000010 0.999970 0.000010 0.000010
44 44 (0) 1 : 0.601353 0.393787 0.004850 0.000010
1 1 (0) 1 : 0.000010 0.000010 0.000010 0.999970
2 2 (0) 1 : 0.841743 0.000010 0.158237 0.000010
3 3 (0) 1 : 0.810392 0.000010 0.096357 0.093241
4 4 (0) 1 : 0.758848 0.028315 0.000010 0.212827
5 5 (0) 1 : 0.893673 0.008165 0.098152 0.000010
6 6 (0) 1 : 0.838632 0.000010 0.161348 0.000010
7 7 (0) 1 : 0.952216 0.021371 0.026403 0.000010
8 8 (0) 1 : 0.733003 0.005840 0.127952 0.133205
9 9 (0) 1 : 0.488785 0.000010 0.000010 0.511195
10 10 (0) 2 : 0.460914 0.000010 0.000010 0.539066
11 11 (0) 1 : 0.556109 0.054457 0.178097 0.211337
12 12 (0) 1 : 0.813199 0.013679 0.173111 0.000010
13 13 (0) 2 : 0.603253 0.000010 0.066778 0.329959
14 14 (0) 1 : 0.999970 0.000010 0.000010 0.000010
15 15 (0) 1 : 0.978049 0.000010 0.021931 0.000010
16 16 (0) 1 : 0.000010 0.000010 0.458238 0.541742
17 17 (0) 1 : 0.965117 0.000010 0.000010 0.034863
18 18 (0) 1 : 0.779331 0.000010 0.000010 0.220649
19 19 (0) 2 : 0.000010 0.999970 0.000010 0.000010
20 20 (0) 2 : 0.000010 0.999970 0.000010 0.000010
21 21 (0) 2 : 0.000010 0.999970 0.000010 0.000010
22 22 (0) 2 : 0.000010 0.128856 0.364241 0.506893
23 23 (0) 2 : 0.049072 0.000010 0.127182 0.823736
24 24 (0) 2 : 0.000010 0.999970 0.000010 0.000010
25 25 (0) 2 : 0.000010 0.999970 0.000010 0.000010
26 26 (0) 2 : 0.000010 0.862672 0.137308 0.000010
27 27 (0) 2 : 0.000010 0.000010 0.999970 0.000010
28 28 (0) 2 : 0.000010 0.999970 0.000010 0.000010
29 29 (0) 2 : 0.000010 0.495197 0.504783 0.000010
30 30 (0) 2 : 0.000010 0.000010 0.999970 0.000010
31 31 (0) 2 : 0.000010 0.000010 0.999970 0.000010
32 32 (0) 2 : 0.000010 0.251224 0.748756 0.000010
33 33 (0) 2 : 0.000010 0.000010 0.999970 0.000010
34 34 (0) 2 : 0.000010 0.100815 0.899165 0.000010
35 35 (0) 2 : 0.000010 0.626176 0.373804 0.000010
36 36 (0) 2 : 0.000010 0.320035 0.679945 0.000010
37 37 (0) 2 : 0.000010 0.000010 0.000010 0.999970
38 38 (0) 1 : 0.389654 0.000010 0.000010 0.610326
39 39 (0) 1 : 0.000010 0.000010 0.000010 0.999970
40 40 (0) 1 : 0.099116 0.000010 0.000010 0.900864
41 41 (0) 1 : 0.368440 0.000010 0.059630 0.571920
42 42 (0) 1 : 0.137287 0.073312 0.024683 0.764718
43 43 (0) 1 : 0.000010 0.000010 0.000010 0.999970
44 44 (0) 1 : 0.601342 0.004845 0.000010 0.393803
